Plot	Sample	SampDate	NO3_mgkgdrysoil	NH4_mgkgdrysoil	minN_mgkgdrysoil	NPOC_mgkgdrysoil	DON_mgkgdrysoil	MBC_mgkgdrysoil	MBN_mgkgdrysoil
1	1	2017-07-03 00:00:00.000	0	6.381467667	6.381467667	401.7875184	11.56576852	363.9592952	14.30653836
1	1	2017-07-11 00:00:00.000	0	5.179172651	5.179172651	171.2652201	8.587176066	184.3001845	22.08277514
1	1	2017-07-17 00:00:00.000	0	7.316493916	7.316493916	211.5320961	11.73217409	911.3173693	27.42640453
1	1	2017-08-07 00:00:00.000	0	2.526414748	2.526414748	152.8901549	6.97687778	217.633967	26.79241581
1	2	2017-07-03 00:00:00.000	0	6.702780136	6.702780136	257.0973994	9.294507673	294.780182	37.30037612
1	2	2017-07-11 00:00:00.000	0	2.83527415	2.83527415	183.4133722	10.89091178	313.7307457	32.15259045
1	2	2017-07-17 00:00:00.000	0	3.305545964	3.305545964	178.6592929	9.060871013	893.4296645	27.39773229
1	2	2017-08-07 00:00:00.000	0.308736028	1.765295174	2.074031202	360.4914127	6.547322131	0	17.55763911
1	3	2017-07-03 00:00:00.000	0	4.662929098	4.662929098	297.4962446	8.82869572	97.59849874	22.27239443
1	3	2017-07-11 00:00:00.000	0	1.709143683	1.709143683	324.7504268	8.535508475	0	19.81394325
1	3	2017-07-17 00:00:00.000	0	3.137971103	3.137971103	176.6506526	8.502504636	906.1154481	31.78052763
1	3	2017-08-07 00:00:00.000	0	0	0	196.6892706	10.01298556	239.1470275	26.00328553
1	4	2017-07-03 00:00:00.000	0	6.145608492	6.145608492	312.3728778	8.2180354	196.7584263	32.40709715
1	4	2017-07-11 00:00:00.000	0	2.712567114	2.712567114	213.9330404	10.17612565	44.58818259	18.08271352
1	4	2017-07-17 00:00:00.000	0	2.962111373	2.962111373	501.1461495	7.086032862	397.5548691	32.74841264
1	4	2017-08-07 00:00:00.000	0	0	0	278.2648012	7.357249666	280.9241148	38.52475253
1	5	2017-07-03 00:00:00.000	0	6.258449946	6.258449946	308.198564	9.865303586	3.096547482	8.896472953
1	5	2017-07-11 00:00:00.000	0	1.873288699	1.873288699	206.283834	11.65632119	286.3145524	25.65508774
1	5	2017-07-17 00:00:00.000	0	6.777890649	6.777890649	302.2127402	8.565615768	795.8878802	22.49649933
1	5	2017-08-07 00:00:00.000	0	1.951536059	1.951536059	221.01256	10.76987655	612.2490125	54.55574536
2	1	2017-07-03 00:00:00.000	0	5.404926172	5.404926172	160.5458041	5.174576354	381.7057477	34.63812714
2	1	2017-07-11 00:00:00.000	0	2.786073812	2.786073812	152.3167879	9.195785055	285.710999	31.06464816
2	1	2017-07-17 00:00:00.000	0	2.658039624	2.658039624	213.2267836	11.14371286	NULL	NULL
2	1	2017-08-07 00:00:00.000	0	1.529910328	1.529910328	169.571866	10.26615159	567.4699867	51.21767114
2	2	2017-07-03 00:00:00.000	0	8.299643846	8.299643846	252.1565471	6.494389261	444.4987403	54.83969699
2	2	2017-07-11 00:00:00.000	0	2.45759842	2.45759842	160.9455621	8.61486016	350.4399295	33.96182304
2	2	2017-07-17 00:00:00.000	0	3.120008791	3.120008791	359.6194998	9.332487323	327.5552643	18.1533838
2	2	2017-08-07 00:00:00.000	0	0	0	156.7515384	8.417135129	478.2353719	28.73812714
2	3	2017-07-03 00:00:00.000	0	7.008428294	7.008428294	234.8047376	6.596052246	314.1945624	28.16201541
2	3	2017-07-11 00:00:00.000	0	1.156172714	1.156172714	152.6784622	9.170590249	381.9385895	34.90567499
2	3	2017-07-17 00:00:00.000	0	1.899764516	1.899764516	187.2059736	7.285321612	NULL	NULL
2	3	2017-08-07 00:00:00.000	0	1.409498104	1.409498104	138.7482826	8.487635147	618.8325799	42.56720619
2	4	2017-07-03 00:00:00.000	0	7.102326154	7.102326154	203.8729822	4.158694031	461.51859	36.61350389
2	4	2017-07-11 00:00:00.000	0	2.657655737	2.657655737	354.5120301	9.152644823	0	26.75081169
2	4	2017-07-17 00:00:00.000	0.064699359	2.81955892	2.884258279	188.2066304	9.049348251	NULL	NULL
2	4	2017-08-07 00:00:00.000	0	1.044787811	1.044787811	101.8962613	6.208135815	408.1693402	27.99498874
2	5	2017-07-03 00:00:00.000	0	5.829651571	5.829651571	254.4538084	8.385902928	230.2342439	31.2515482
2	5	2017-07-11 00:00:00.000	0	1.946863185	1.946863185	148.5567325	10.00751197	393.9589005	33.42971235
2	5	2017-07-17 00:00:00.000	0	2.562444437	2.562444437	266.7803843	11.33716683	490.0353122	17.72921105
2	5	2017-08-07 00:00:00.000	0	0	0	132.5120465	7.840917958	439.6343234	35.17123738
3	1	2017-07-03 00:00:00.000	0	8.153148787	8.153148787	233.2387746	9.639682245	292.1384176	40.87504781
3	1	2017-07-11 00:00:00.000	0	2.869895691	2.869895691	210.0131969	13.7968493	241.1587879	20.75564836
3	1	2017-07-17 00:00:00.000	0	2.17578859	2.17578859	163.4236318	9.650046672	NULL	NULL
3	1	2017-08-07 00:00:00.000	0	1.219094351	1.219094351	187.7853892	9.06647324	383.3655963	32.24404343
3	2	2017-07-03 00:00:00.000	0	6.925198093	6.925198093	246.7415246	5.366109924	266.2038494	42.07259706
3	2	2017-07-11 00:00:00.000	0	2.293990296	2.293990296	274.1472605	11.89704469	211.5919416	26.9385892
3	2	2017-07-17 00:00:00.000	0	3.94130103	3.94130103	213.4541002	9.891283432	NULL	NULL
3	2	2017-08-07 00:00:00.000	0	0.928601724	0.928601724	128.610016	7.564032783	421.3360838	27.77719025
3	3	2017-07-03 00:00:00.000	0	8.94260137	8.94260137	245.1036752	8.024470827	352.1147366	50.65404792
3	3	2017-07-11 00:00:00.000	0	2.137037454	2.137037454	314.2965151	16.63256342	609.9456864	62.87825053
3	3	2017-07-17 00:00:00.000	0	3.009349443	3.009349443	197.2715628	8.636624848	NULL	NULL
3	3	2017-08-07 00:00:00.000	0	1.558175168	1.558175168	155.0034711	9.066676033	578.0947058	42.63727444
3	4	2017-07-03 00:00:00.000	0	8.349792523	8.349792523	279.8845472	9.963767477	220.2305081	34.05381593
3	4	2017-07-11 00:00:00.000	0	2.479205799	2.479205799	197.226899	12.51650891	521.8838553	54.85749331
3	4	2017-07-17 00:00:00.000	0	2.980827009	2.980827009	200.1931005	9.922784618	NULL	NULL
3	4	2017-08-07 00:00:00.000	0	1.360906564	1.360906564	330.5617864	6.390589162	143.9028576	38.36331971
3	5	2017-07-03 00:00:00.000	0	4.643204103	4.643204103	456.1763853	13.06756267	288.6332892	40.73892201
3	5	2017-07-11 00:00:00.000	0	1.902380546	1.902380546	243.5022249	13.98514167	449.7247874	58.83620385
3	5	2017-07-17 00:00:00.000	0	2.738229427	2.738229427	286.2542499	13.03517276	674.3697573	33.07020887
3	5	2017-08-07 00:00:00.000	0	0	0	169.6366265	8.872011279	714.3552656	56.34523281
4	1	2017-07-04 00:00:00.000	0	6.202977046	6.202977046	383.647007	9.266402755	0	31.50194931
4	1	2017-07-13 00:00:00.000	0	3.668408419	3.668408419	621.6861778	8.940438004	0	33.23572081
4	1	2017-07-19 00:00:00.000	0	5.764271105	5.764271105	127.6064469	5.017824133	556.6980227	26.80056976
4	1	2017-08-09 00:00:00.000	0	1.206949715	1.206949715	144.2516024	7.093198751	347.7592331	31.26641408
4	2	2017-07-04 00:00:00.000	0	5.873772386	5.873772386	270.8653431	6.255089505	116.0774816	26.87836542
4	2	2017-07-13 00:00:00.000	0	2.908613001	2.908613001	216.303863	8.419230708	160.0246682	27.93191063
4	2	2017-07-19 00:00:00.000	0	5.134372148	5.134372148	228.9652601	7.314859373	400.2392188	16.19435335
4	2	2017-08-09 00:00:00.000	0	1.339586561	1.339586561	96.60173874	5.141289582	486.8751878	34.04981801
4	3	2017-07-04 00:00:00.000	0	8.032695071	8.032695071	252.8366595	6.78876428	210.4851177	36.84027646
4	3	2017-07-13 00:00:00.000	0	1.802839952	1.802839952	156.0228694	8.60040053	286.607639	30.71688366
4	3	2017-07-19 00:00:00.000	0	4.935929613	4.935929613	235.0395963	8.132331658	541.6647658	22.34964462
4	3	2017-08-09 00:00:00.000	0	0	0	367.1283246	7.958200902	0	33.95360639
4	4	2017-07-04 00:00:00.000	0	7.410466773	7.410466773	257.0064906	6.203376935	145.084641	30.33382586
4	4	2017-07-13 00:00:00.000	0	2.701557755	2.701557755	247.6388299	9.780621016	192.7583137	32.98801844
4	4	2017-07-19 00:00:00.000	0	4.566485719	4.566485719	182.7377919	7.929143783	415.1617424	12.17410127
4	4	2017-08-09 00:00:00.000	0	1.543019503	1.543019503	98.61320467	5.604377671	355.2924129	36.32888778
4	5	2017-07-04 00:00:00.000	0	5.156440537	5.156440537	348.6541863	6.725968302	305.3068899	41.54580796
4	5	2017-07-13 00:00:00.000	0	4.039233382	4.039233382	177.3993202	9.867564449	335.7431913	27.26235607
4	5	2017-07-19 00:00:00.000	0	4.722237267	4.722237267	188.2189266	7.812374191	323.0662713	13.05140805
4	5	2017-08-09 00:00:00.000	0	0	0	283.9331853	9.570483651	58.16446144	26.5032097
5	1	2017-07-04 00:00:00.000	0	7.478842631	7.478842631	319.8613706	11.70646575	490.3433239	36.50496686
5	1	2017-07-13 00:00:00.000	0.26947878	5.427866643	5.697345423	282.8722773	12.78608341	139.0709215	33.96685737
5	1	2017-07-19 00:00:00.000	0	5.053181222	5.053181222	158.8023162	5.535280717	692.6233507	20.72798933
5	1	2017-08-09 00:00:00.000	0	1.345581383	1.345581383	97.89420011	5.46615341	317.8319705	41.05337687
5	2	2017-07-04 00:00:00.000	0	6.911859335	6.911859335	297.4018563	5.877453131	819.8326675	61.58109561
5	2	2017-07-13 00:00:00.000	0	4.202757343	4.202757343	270.3344672	9.932476795	0	16.69694757
5	2	2017-07-19 00:00:00.000	0	2.616818795	2.616818795	142.8291541	6.668353762	717.8679219	24.75590103
5	2	2017-08-09 00:00:00.000	0	0	0	88.58591411	5.381890286	244.2990394	32.56334198
5	3	2017-07-04 00:00:00.000	0	15.0212659	15.0212659	243.0043488	2.808453565	863.3439895	74.16759232
5	3	2017-07-13 00:00:00.000	0	3.21048297	3.21048297	282.5098424	9.247623716	0	18.80955272
5	3	2017-07-19 00:00:00.000	0	5.036692729	5.036692729	161.0808585	6.091281289	746.9008763	23.45592629
5	3	2017-08-09 00:00:00.000	0	1.929040233	1.929040233	150.3085348	5.180000779	130.9022164	33.0092675
5	4	2017-07-04 00:00:00.000	0	7.375103457	7.375103457	432.6726327	10.72765743	489.6331075	56.06690209
5	4	2017-07-13 00:00:00.000	0	2.832556911	2.832556911	179.3927295	9.865972554	280.5407134	30.04168417
5	4	2017-07-19 00:00:00.000	0	4.507805318	4.507805318	187.3055146	5.611971489	748.2950059	27.67573315
5	4	2017-08-09 00:00:00.000	0	2.273687327	2.273687327	152.6807291	8.023903453	311.5462416	39.32769467
5	5	2017-07-04 00:00:00.000	0	4.924503311	4.924503311	167.6876295	3.968719857	602.7428308	51.86628127
5	5	2017-07-13 00:00:00.000	0	4.227342033	4.227342033	167.928055	8.599248262	311.9431408	37.16803302
5	5	2017-07-19 00:00:00.000	0	1.611161172	1.611161172	148.8368792	5.297116615	537.2023294	17.10100735
5	5	2017-08-09 00:00:00.000	0	2.505040048	2.505040048	310.1963551	12.47361956	167.4500044	33.41737001
6	1	2017-07-04 00:00:00.000	0	6.04112964	6.04112964	310.6846451	6.734297992	773.4609338	59.48158074
6	1	2017-07-13 00:00:00.000	0	3.310673084	3.310673084	149.9167443	4.14217725	375.3790622	13.90197476
6	1	2017-07-19 00:00:00.000	0	2.609009429	2.609009429	73.80738864	3.02856517	805.3259498	24.51978815
6	1	2017-08-09 00:00:00.000	0	0	0	101.0535971	7.809710068	442.4297135	48.65664671
6	2	2017-07-04 00:00:00.000	0	4.918234356	4.918234356	201.1324325	2.809377892	440.556468	43.74811969
6	2	2017-07-13 00:00:00.000	0	4.215558485	4.215558485	245.3333169	8.267993311	0	18.27603912
6	2	2017-07-19 00:00:00.000	0	4.520783414	4.520783414	148.487062	4.828774314	669.3631518	22.93073269
6	2	2017-08-09 00:00:00.000	0	2.520955105	2.520955105	186.7823366	5.185291765	142.4228243	33.24876825
6	3	2017-07-04 00:00:00.000	0	6.383902392	6.383902392	221.3543164	3.759155845	462.2067085	43.60114373
6	3	2017-07-13 00:00:00.000	0	2.72183842	2.72183842	113.5741839	6.764334835	367.2383204	35.1344885
6	3	2017-07-19 00:00:00.000	0	6.670908568	6.670908568	180.5570503	4.79486626	717.7343216	30.00570434
6	3	2017-08-09 00:00:00.000	0	1.425834323	1.425834323	116.0048445	6.877612104	323.395708	43.68177476
6	4	2017-07-04 00:00:00.000	0	5.192657011	5.192657011	347.1357722	8.025043052	548.6560322	47.51075846
6	4	2017-07-13 00:00:00.000	0	2.190996859	2.190996859	184.2108734	7.59631741	222.1999451	33.90447441
6	4	2017-07-19 00:00:00.000	0	4.948880479	4.948880479	220.1243702	8.099987798	686.6640783	31.39524761
6	4	2017-08-09 00:00:00.000	0	1.477972916	1.477972916	119.3478528	6.654282094	360.642086	40.2608602
6	5	2017-07-04 00:00:00.000	0	7.081849006	7.081849006	340.7696803	9.236081657	886.3096454	81.5038902
6	5	2017-07-13 00:00:00.000	0	2.014146803	2.014146803	178.9554529	8.105298363	67.57603844	21.51620897
6	5	2017-07-19 00:00:00.000	0	10.27013644	10.27013644	339.4009156	5.864344819	368.2509846	28.0266807
6	5	2017-08-09 00:00:00.000	0	1.362754684	1.362754684	191.9477019	7.739752565	232.1915781	37.68895702
7	1	2017-07-05 00:00:00.000	0	7.625588523	7.625588523	245.3020791	4.564004677	702.6595853	63.35564478
7	1	2017-07-12 00:00:00.000	0	2.937936135	2.937936135	208.3783968	10.1860385	489.9118773	49.82426979
7	1	2017-07-18 00:00:00.000	0	3.975479282	3.975479282	369.3774466	18.43177348	524.2875774	32.36779206
7	1	2017-08-08 00:00:00.000	0.610897255	1.247532468	1.858429723	103.9686899	7.095517159	376.7534388	39.54139147
7	2	2017-07-05 00:00:00.000	0	11.31561378	11.31561378	718.4893902	5.681191904	0	24.64001472
7	2	2017-07-12 00:00:00.000	0	3.349803981	3.349803981	128.1729287	5.590802956	330.4874759	22.6319489
7	2	2017-07-18 00:00:00.000	0	4.970155163	4.970155163	191.5844915	8.039041697	125.2451899	6.322555382
7	2	2017-08-08 00:00:00.000	2.406755243	0	2.406755243	104.5393654	5.462765236	336.4268946	40.99211386
7	3	2017-07-05 00:00:00.000	0	7.223678958	7.223678958	231.2241059	2.475318774	451.1491663	45.49828641
7	3	2017-07-12 00:00:00.000	0	3.362597137	3.362597137	130.4622456	8.277826195	297.4233554	21.1307672
7	3	2017-07-18 00:00:00.000	0	6.476491874	6.476491874	171.7131092	6.063216929	395.3611344	22.56842801
7	3	2017-08-08 00:00:00.000	1.835807177	0	1.835807177	92.73906458	5.740285663	341.3839485	42.12555082
7	4	2017-07-05 00:00:00.000	0	11.04718848	11.04718848	533.0370026	2.361982324	0	37.28014471
7	4	2017-07-12 00:00:00.000	0	1.570220282	1.570220282	118.6491169	8.75540378	442.2738413	35.48070283
7	4	2017-07-18 00:00:00.000	0	7.280605553	7.280605553	155.6115673	4.595144763	306.0880247	19.1538949
7	4	2017-08-08 00:00:00.000	1.933084125	1.716402436	3.649486561	93.23155947	3.813389728	387.8868709	47.38353233
7	5	2017-07-05 00:00:00.000	0	5.195486579	5.195486579	212.6871491	3.295039534	416.9888226	42.25290743
7	5	2017-07-12 00:00:00.000	0.959569262	1.448032477	2.407601739	120.012335	7.86227101	554.213552	42.82678451
7	5	2017-07-18 00:00:00.000	0	2.596386156	2.596386156	165.7568576	5.892268952	274.5533836	17.3579232
7	5	2017-08-08 00:00:00.000	0.233776759	0	0.233776759	156.326929	11.88529247	336.7939432	49.31981318
8	1	2017-07-05 00:00:00.000	0	5.796873669	5.796873669	406.8548341	5.870091512	401.8053886	45.34074478
8	1	2017-07-12 00:00:00.000	0	2.57441523	2.57441523	151.8262762	8.903047969	300.7449293	29.03580903
8	1	2017-07-18 00:00:00.000	0	3.298150067	3.298150067	345.7342375	16.58008771	448.6074867	31.03788543
8	1	2017-08-08 00:00:00.000	0	0	0	369.0303275	7.52344293	0	40.54428103
8	2	2017-07-05 00:00:00.000	0	6.014858496	6.014858496	272.5740392	6.654961319	0	0
8	2	2017-07-12 00:00:00.000	0	3.66512958	3.66512958	214.6563698	9.904805842	448.365156	47.26036111
8	2	2017-07-18 00:00:00.000	0	1.158994532	1.158994532	204.2932128	9.141010533	226.8697734	17.22039482
8	2	2017-08-08 00:00:00.000	0	1.766798806	1.766798806	646.2584121	6.837377128	0	52.89540334
8	3	2017-07-05 00:00:00.000	0	5.976694526	5.976694526	209.5028117	4.935584848	453.8111221	48.53446846
8	3	2017-07-12 00:00:00.000	0	2.905240677	2.905240677	135.6092379	7.299746408	334.7807525	33.7795569
8	3	2017-07-18 00:00:00.000	0	3.995310187	3.995310187	2366.365591	8.311255374	0	8.416354332
8	3	2017-08-08 00:00:00.000	1.047048055	1.356671027	2.403719082	121.5126822	7.25116614	336.6632321	40.81186086
8	4	2017-07-05 00:00:00.000	0	5.904470023	5.904470023	280.135448	4.543076274	35.39302015	32.14944955
8	4	2017-07-12 00:00:00.000	0	2.198370946	2.198370946	168.6827048	10.25048218	235.2683076	20.88752192
8	4	2017-07-18 00:00:00.000	0	1.535319105	1.535319105	321.110845	7.489970477	3.28759513	17.97814898
8	4	2017-08-08 00:00:00.000	5.849116558	0	5.849116558	48.75630095	0	542.9508887	43.49727437
8	5	2017-07-05 00:00:00.000	0	8.290304135	8.290304135	127.4565203	0.362883879	748.742171	54.72325759
8	5	2017-07-12 00:00:00.000	0	2.448343465	2.448343465	175.8065752	7.107299017	215.4264435	29.07391831
8	5	2017-07-18 00:00:00.000	0	4.171062739	4.171062739	171.0080756	4.76763556	339.6524244	25.68482709
8	5	2017-08-08 00:00:00.000	2.906804156	0	2.906804156	73.75431382	3.739589527	353.0219389	42.05868294
9	1	2017-07-05 00:00:00.000	0	6.523595551	6.523595551	284.8662296	11.13853538	270.4247187	36.59508712
9	1	2017-07-12 00:00:00.000	0.610890676	2.444080009	3.054970685	196.0608879	12.85853688	546.3265451	63.23696631
9	1	2017-07-18 00:00:00.000	0	8.476222563	8.476222563	432.3093791	14.95831971	441.4908962	33.68023584
9	1	2017-08-08 00:00:00.000	2.065942048	2.431932667	4.497874715	211.0380145	12.25705092	372.9075157	60.37976055
9	2	2017-07-05 00:00:00.000	0	5.730534939	5.730534939	257.6371009	9.862601553	296.173115	32.75825294
9	2	2017-07-12 00:00:00.000	1.57265851	2.368982915	3.941641425	114.479615	7.630376875	285.9335056	30.96089882
9	2	2017-07-18 00:00:00.000	0	4.064324502	4.064324502	303.5439537	5.072942098	0	14.78907921
9	2	2017-08-08 00:00:00.000	1.464426966	1.644089569	3.108516535	124.2849181	6.053304671	298.5933635	41.44983266
9	3	2017-07-05 00:00:00.000	0	5.120751823	5.120751823	206.2178	7.508855064	417.0681543	45.50717778
9	3	2017-07-12 00:00:00.000	0	4.206881489	4.206881489	1365.715924	8.60129866	0	30.24171042
9	3	2017-07-18 00:00:00.000	0	7.900712498	7.900712498	257.4460072	7.749137592	232.1914571	23.98862622
9	3	2017-08-08 00:00:00.000	1.557479025	1.136791497	2.694270522	87.05784568	4.509975481	291.7213935	39.28422622
9	4	2017-07-05 00:00:00.000	0	6.432496249	6.432496249	223.9358332	9.286982649	368.9398684	39.19585401
9	4	2017-07-12 00:00:00.000	0	4.395452213	4.395452213	319.7999577	14.63173749	241.3949997	28.29486862
9	4	2017-07-18 00:00:00.000	0	4.071379348	4.071379348	240.1268205	6.138895225	254.3144576	6.253662299
9	4	2017-08-08 00:00:00.000	1.029068143	1.828581104	2.857649247	98.95388586	4.457718495	250.9354856	47.21273054
9	5	2017-07-05 00:00:00.000	0	4.496195087	4.496195087	188.4593994	8.047910324	298.9443461	37.62370504
9	5	2017-07-12 00:00:00.000	0	5.090581937	5.090581937	162.6440764	9.373632075	412.2354904	35.07609945
9	5	2017-07-18 00:00:00.000	0	4.592842782	4.592842782	193.4598408	2.551608468	194.8582435	18.34016723
9	5	2017-08-08 00:00:00.000	1.105321475	0	1.105321475	114.6305305	6.15999384	240.762839	37.31827596
10	1	2017-07-05 00:00:00.000	0	6.452522873	6.452522873	245.7393908	6.512741232	425.8766643	38.64549655
10	1	2017-07-14 00:00:00.000	0	2.294643302	2.294643302	162.5500636	9.700843133	129.1308099	16.34502594
10	1	2017-07-20 00:00:00.000	0	3.850501721	3.850501721	175.2696253	4.872171716	268.7350327	18.07398419
10	1	2017-08-10 00:00:00.000	0	2.380808578	2.380808578	195.0149629	9.230727774	322.642785	55.34665113
10	2	2017-07-05 00:00:00.000	0	6.87337953	6.87337953	313.8149539	12.86884372	224.4379506	31.42018802
10	2	2017-07-14 00:00:00.000	0	2.447601735	2.447601735	152.9251957	8.374796733	196.5607911	20.90991744
10	2	2017-07-20 00:00:00.000	0	3.802121157	3.802121157	233.4107812	5.593841001	277.1538216	14.81312755
10	2	2017-08-10 00:00:00.000	0	3.180070029	3.180070029	138.5775024	8.359511553	444.1622586	64.58369126
10	3	2017-07-05 00:00:00.000	0	6.173110069	6.173110069	387.3197356	13.3390351	71.72587697	16.70788215
10	3	2017-07-14 00:00:00.000	0	3.78243159	3.78243159	260.5707033	13.60718195	226.8652189	24.51607665
10	3	2017-07-20 00:00:00.000	0	4.593833138	4.593833138	426.5245488	7.634048321	0	7.09870235
10	3	2017-08-10 00:00:00.000	0	1.899815823	1.899815823	123.1313469	6.963397304	362.4069585	56.7699319
10	4	2017-07-05 00:00:00.000	0	2.806561582	2.806561582	471.4289915	16.93157773	48.99549888	16.91374054
10	4	2017-07-14 00:00:00.000	0	2.785027545	2.785027545	174.3283411	8.185167131	155.4101602	29.87239565
10	4	2017-07-20 00:00:00.000	0.297678705	4.084216187	4.381894892	450.5077249	10.90641947	0	6.073792656
10	4	2017-08-10 00:00:00.000	0	3.537086777	3.537086777	562.8892487	10.88964124	0	33.43191106
10	5	2017-07-05 00:00:00.000	0	4.771122859	4.771122859	478.0944246	17.05948145	69.34207338	26.9309987
10	5	2017-07-14 00:00:00.000	0	2.533272073	2.533272073	170.245826	4.823668671	0	18.85758349
10	5	2017-07-20 00:00:00.000	0	4.388317209	4.388317209	569.4229998	9.988383542	0	1.806671957
10	5	2017-08-10 00:00:00.000	0	2.987156336	2.987156336	588.209535	21.80509975	0	47.46616065
11	1	2017-07-05 00:00:00.000	0	5.982742083	5.982742083	327.5140995	12.78809265	155.1942404	31.36706189
11	1	2017-07-14 00:00:00.000	0	4.49153035	4.49153035	605.1121597	15.38669884	0	30.38967227
11	1	2017-07-20 00:00:00.000	0	5.13110942	5.13110942	311.6725029	5.520666986	0	17.13934622
11	1	2017-08-10 00:00:00.000	0	1.705627122	1.705627122	204.0939863	11.96212467	185.6801571	43.73697695
11	2	2017-07-05 00:00:00.000	0	5.543574858	5.543574858	326.0180008	10.61444877	222.9133761	27.06310677
11	2	2017-07-14 00:00:00.000	0	4.851613329	4.851613329	350.972719	14.42586842	66.51854323	35.84414877
11	2	2017-07-20 00:00:00.000	0	4.322060664	4.322060664	224.1275001	4.822381868	343.3302328	17.46298096
11	2	2017-08-10 00:00:00.000	0	1.300097579	1.300097579	174.935352	6.102931572	160.1795166	35.02812064
11	3	2017-07-05 00:00:00.000	0	5.900229841	5.900229841	300.72576	12.15179587	330.597788	30.91352517
11	3	2017-07-14 00:00:00.000	0	3.615247611	3.615247611	294.2141152	9.026841743	0	29.20452535
11	3	2017-07-20 00:00:00.000	0	4.173182616	4.173182616	329.2487826	6.731872603	0	11.29706253
11	3	2017-08-10 00:00:00.000	0	1.76102217	1.76102217	354.562629	5.646784959	0	39.02826706
11	4	2017-07-05 00:00:00.000	0	4.55129473	4.55129473	222.7157193	8.017862684	110.1958451	22.28945401
11	4	2017-07-14 00:00:00.000	0	3.861985117	3.861985117	231.0232767	11.84446717	295.4261934	38.2428733
11	4	2017-07-20 00:00:00.000	0	3.37333898	3.37333898	135.6987699	5.334603476	258.3536364	14.88949958
11	4	2017-08-10 00:00:00.000	0	2.38250067	2.38250067	252.2547247	8.000557987	193.0377392	43.01811206
11	5	2017-07-05 00:00:00.000	0	4.819875687	4.819875687	205.2855092	7.521289313	163.6678467	20.86453353
11	5	2017-07-14 00:00:00.000	0	2.789069205	2.789069205	162.8385757	7.533462949	281.3687275	33.36094804
11	5	2017-07-20 00:00:00.000	0	4.267195027	4.267195027	136.6016529	2.827659355	152.3081722	15.06431938
11	5	2017-08-10 00:00:00.000	0	0	0	116.9130033	6.30161088	239.2953226	39.09967645
12	1	2017-07-05 00:00:00.000	0	4.864542064	4.864542064	282.6311131	12.00381287	194.7971098	23.9631823
12	1	2017-07-14 00:00:00.000	0	2.420357231	2.420357231	273.4388496	12.21683825	12.89312134	11.83835087
12	1	2017-07-20 00:00:00.000	0	4.317172411	4.317172411	247.9617218	6.066857247	101.1253553	17.56983965
12	1	2017-08-10 00:00:00.000	0	2.153225452	2.153225452	174.0150209	8.592088499	250.6906206	49.09894484
12	2	2017-07-05 00:00:00.000	0	4.856436131	4.856436131	232.8417507	8.546004158	153.8024095	27.49364091
12	2	2017-07-14 00:00:00.000	0	3.620951171	3.620951171	216.3463262	8.646261609	230.7364044	42.10969915
12	2	2017-07-20 00:00:00.000	0	3.817319729	3.817319729	940.0851164	8.200157312	0	3.081948263
12	2	2017-08-10 00:00:00.000	0	1.889249329	1.889249329	153.2394347	6.132531052	321.2923074	55.84071125
12	3	2017-07-05 00:00:00.000	0	7.309195791	7.309195791	282.9589155	8.182261598	121.8654536	27.51958717
12	3	2017-07-14 00:00:00.000	0	3.071894142	3.071894142	307.8240244	8.375529896	26.28404961	29.40767629
12	3	2017-07-20 00:00:00.000	0	3.63755099	3.63755099	1285.716178	4.060077982	0	11.2736702
12	3	2017-08-10 00:00:00.000	0	17.68111734	17.68111734	211.6156543	2.315896528	105.0074835	15.18693771
12	4	2017-07-05 00:00:00.000	0	5.604225517	5.604225517	408.3175744	15.25810283	177.1802156	38.9345539
12	4	2017-07-14 00:00:00.000	0	2.358807753	2.358807753	357.8736055	13.11627346	30.74527084	16.50041121
12	4	2017-07-20 00:00:00.000	0	3.800397006	3.800397006	378.1771814	2.568685923	0	12.66512296
12	4	2017-08-10 00:00:00.000	0	1.217242752	1.217242752	110.7435711	4.34653128	262.6173099	40.00142274
12	5	2017-07-05 00:00:00.000	0	8.889332741	8.889332741	243.4146313	9.637836419	351.3225779	45.3889719
12	5	2017-07-14 00:00:00.000	0	1.83636061	1.83636061	117.8037316	7.43606203	343.0802573	39.56568117
12	5	2017-07-20 00:00:00.000	0	3.857455465	3.857455465	755.0306667	3.112844565	0	15.70017235
12	5	2017-08-10 00:00:00.000	0	0	0	144.1781427	6.289206988	188.7427995	37.71598518
