Plot	Sample	SampDate	NPOC_ppm	DON_ppm	NO3_ppm	NH4_ppm	minN_ppm	chl_labile_C_mgkg	chl_labile_N_mgkg	NPOC_mgkg	DON_mgkg	NO3_mgkg	NH4_mgkg	minN_mgkg	mbc_mgkg	mbn_mgkg
1	1	2017-07-03 00:00:00.000	77.37	3.456	0	0.04498907	0.04498907	163.7816828	15.99406896	401.7875184	17.94723618	0	0.233631211	0.233631211	363.9592952	29.61864622
1	1	2017-07-11 00:00:00.000	34.71	2.79	0.10882	0.03962607	0.14844607	82.935083	12.11958748	171.2652201	13.76634872	0.536936942	0.195521971	0.732458913	184.3001845	22.44368052
1	1	2017-07-17 00:00:00.000	41.21	3.711	0.11506	0.05087107	0.16593107	410.0928162	14.91398946	211.5320961	19.04866801	0.590606236	0.261122642	0.851728878	911.3173693	27.61849899
1	1	2017-08-07 00:00:00.000	29.94	1.861	0.10648	0.02301807	0.12949807	97.93528514	14.55838876	152.8901549	9.503292528	0.543745614	0.117542962	0.661288576	217.633967	26.95997919
1	2	2017-07-03 00:00:00.000	49.13	3.057	0.09816	0.04654607	0.14470607	132.6510819	20.08323436	257.0973994	15.99728781	0.513671499	0.243575688	0.757247187	294.780182	37.19117475
1	2	2017-07-11 00:00:00.000	35.37	2.647	0.09998	0.02457507	0.12455507	141.1788356	17.30190598	183.4133722	13.72618593	0.518452614	0.12743558	0.645888194	313.7307457	32.04056663
1	2	2017-07-17 00:00:00.000	35.8	2.478	0.10414	0.02803507	0.13217507	402.043349	14.68099759	178.6592929	12.36641698	0.519708904	0.139908541	0.659617445	893.4296645	27.18703257
1	2	2017-08-07 00:00:00.000	69.16	1.654	0.12572	0.01834707	0.14406707	0	9.362197179	360.4914127	8.621353333	0.655306252	0.095632753	0.750939005	0	17.33740218
1	3	2017-07-03 00:00:00.000	60.33	2.736	0.09842	0.03651207	0.13493207	43.91932443	12.04036509	297.4962446	13.49162482	0.485323726	0.180046473	0.665370199	97.59849874	22.29697238
1	3	2017-07-11 00:00:00.000	64.35	2.03	0.10284	0.01834707	0.12118707	0	10.68845157	324.7504268	10.24465216	0.518995088	0.092590813	0.611585901	0	19.79342884
1	3	2017-07-17 00:00:00.000	35.01	2.307	0.11038	0.02682407	0.13720407	407.7519516	17.13226731	176.6506526	11.64047574	0.556946559	0.135346743	0.692293302	906.1154481	31.72642095
1	3	2017-08-07 00:00:00.000	37.46	1.907	0.1005	0	0.1005	107.6161624	14.04177419	196.6892706	10.01298556	0.527690115	0	0.527690115	239.1470275	26.00328553
1	4	2017-07-03 00:00:00.000	60.11	2.764	0.0979	0.04360507	0.14150507	88.54129182	16.97977642	312.3728778	14.36364389	0.508755694	0.226601917	0.735357611	196.7584263	31.44403041
1	4	2017-07-11 00:00:00.000	42.21	2.543	0.10232	0.02422907	0.12654907	20.06468216	9.651436547	213.9330404	12.88869277	0.518588692	0.122800251	0.641388943	44.58818259	17.87303064
1	4	2017-07-17 00:00:00.000	99.35	1.992	0.10466	0.02578607	0.13044607	178.8996911	17.63246228	501.1461495	10.04814423	0.527931112	0.130071361	0.658002473	397.5548691	32.65270792
1	4	2017-08-07 00:00:00.000	54.35	1.437	0.10154	0	0.10154	126.4158517	20.80336637	278.2648012	7.357249666	0.519871351	0	0.519871351	280.9241148	38.52475253
1	5	2017-07-03 00:00:00.000	60.23	3.151	0.09842	0.04481607	0.14323607	1.393446367	4.441794838	308.198564	16.12375353	0.503617843	0.229325061	0.732942904	3.096547482	8.225545996
1	5	2017-07-11 00:00:00.000	39.84	2.613	0.0992	0.01903907	0.11823907	128.8415486	13.81196399	206.283834	13.52960989	0.513638462	0.098580631	0.612219093	286.3145524	25.57771109
1	5	2017-07-17 00:00:00.000	58.4	2.965	0.0979	0.04741107	0.14531107	358.1495461	12.05379762	302.2127402	15.34350642	0.50662033	0.245346394	0.751966724	795.8878802	22.32184744
1	5	2017-08-07 00:00:00.000	37.7	2.17	0.1161	0.01817407	0.13427407	275.5120556	29.36469406	221.01256	12.7214126	0.680624886	0.106543707	0.787168593	612.2490125	54.37906308
10	1	2017-07-05 00:00:00.000	47.46	2.504	0.09868	0.04550807	0.14418807	191.6444989	20.49321362	245.7393908	12.96526411	0.510947389	0.235632646	0.746580035	425.8766643	37.95039559
10	1	2017-07-14 00:00:00.000	32.59	2.405	0.10232	0.02198007	0.12430007	58.10886444	8.805262233	162.5500636	11.99548643	0.510344354	0.109630616	0.61997497	129.1308099	16.30604117
10	1	2017-07-20 00:00:00.000	34.36	1.71	0.10076	0.03080307	0.13156307	120.9307647	9.654650596	175.2696253	8.722673438	0.513974606	0.157125801	0.671100407	268.7350327	17.87898259
10	1	2017-08-10 00:00:00.000	35.79	2.131	0.10934	0.02128807	0.13062807	145.1892533	29.74471478	195.0149629	11.61153635	0.595779158	0.11599587	0.711775028	322.642785	55.08280514
10	2	2017-07-05 00:00:00.000	58.48	3.679	0.09894	0.04654607	0.14548607	100.9970778	16.84643334	313.8149539	19.74222325	0.530931114	0.249775185	0.780706299	224.4379506	31.19709877
10	2	2017-07-14 00:00:00.000	30.55	2.162	0.1109	0.02284507	0.13374507	88.45235601	11.28680597	152.9251957	10.82239847	0.555135981	0.11435636	0.669492341	196.5607911	20.90149254
10	2	2017-07-20 00:00:00.000	47.05	1.894	0.10076	0.03114907	0.13190907	124.7192197	7.98860509	233.4107812	9.395962158	0.499861218	0.15452771	0.654388928	277.1538216	14.79371313
10	2	2017-08-10 00:00:00.000	24.33	2.026	0.11636	0.02492107	0.14128107	199.8730164	34.73656774	138.5775024	11.53958158	0.662757015	0.141944087	0.804701102	444.1622586	64.32697729
10	3	2017-07-05 00:00:00.000	74.2	3.738	0.10414	0.04360507	0.14774507	32.27664464	8.389116867	387.3197356	19.51214517	0.543604815	0.227615959	0.771220774	71.72587697	15.53540161
10	3	2017-07-14 00:00:00.000	52.4	3.497	0.10024	0.03097607	0.13121607	102.0893485	13.38969102	260.5707033	17.38961354	0.498465788	0.154035426	0.652501214	226.8652189	24.79572411
10	3	2017-07-20 00:00:00.000	80.82	2.317	0.11428	0.03426307	0.14854307	0	3.65323106	426.5245488	12.22788146	0.603108456	0.18082208	0.783930536	0	6.765242704
10	3	2017-08-10 00:00:00.000	21.95	1.58	0.11012	0.01834707	0.12846707	163.0831313	30.58797171	123.1313469	8.863213128	0.617732297	0.102920248	0.720652545	362.4069585	56.64439206
10	4	2017-07-05 00:00:00.000	89.9	3.764	0.09686	0.02422907	0.12108907	22.0479745	9.02158347	471.4289915	19.73813931	0.50792672	0.127055462	0.634982182	48.99549888	16.70663606
10	4	2017-07-14 00:00:00.000	35.31	2.222	0.10284	0.02509407	0.12793407	69.93457209	16.15408929	174.3283411	10.97019468	0.507729442	0.123891464	0.631620906	155.4101602	29.91498016
10	4	2017-07-20 00:00:00.000	89.64	3.042	0.12572	0.03253307	0.15825307	0	3.212004489	450.5077249	15.28831436	0.631836582	0.163502893	0.795339475	0	5.94815646
10	4	2017-08-10 00:00:00.000	98.05	2.513	0.09842	0.02665107	0.12507107	0	17.73275767	562.8892487	14.42672802	0.565013359	0.152999498	0.718012857	0	32.83844012
10	5	2017-07-05 00:00:00.000	91.28	4.168	0.0979	0.03547407	0.13337407	31.20393302	14.06689033	478.0944246	21.83060431	0.512767793	0.185801436	0.698569229	69.34207338	26.04979691
10	5	2017-07-14 00:00:00.000	32.86	1.42	0.0979	0.02284507	0.12074507	0	10.25273005	170.245826	7.356940744	0.507214436	0.118359033	0.625573469	0	18.98653713
10	5	2017-07-20 00:00:00.000	109.95	2.776	0.09972	0.03357107	0.13329107	0	0.947549687	569.4229998	14.37670075	0.516442579	0.173862114	0.690304693	0	1.754721643
10	5	2017-08-10 00:00:00.000	104.25	4.394	0.09972	0.02405607	0.12377607	0	25.44730231	588.209535	24.79225608	0.562649926	0.135731508	0.698381434	0	47.12463392
11	1	2017-07-05 00:00:00.000	63.79	3.656	0.09842	0.04308607	0.14150607	69.83740819	16.8809623	327.5140995	18.77083474	0.505313336	0.221214852	0.726528188	155.1942404	31.2610413
11	1	2017-07-14 00:00:00.000	118.05	3.878	0.10128	0.03443607	0.13571607	0	16.24679715	605.1121597	19.87822919	0.519150864	0.176515753	0.695666617	0	30.08666138
11	1	2017-07-20 00:00:00.000	61.3	2.095	0.11116	0.03841507	0.14957507	0	9.29318492	311.6725029	10.65177641	0.565179697	0.195316819	0.760496516	0	17.2096017
11	1	2017-08-10 00:00:00.000	34.3	2.297	0.11818	0.01679007	0.13497007	83.5560707	23.55485319	204.0939863	13.6677518	0.703201962	0.099905315	0.803107277	185.6801571	43.62009851
11	2	2017-07-05 00:00:00.000	62.75	3.11	0	0.04014507	0.04014507	100.3110193	14.50203235	326.0180008	16.15802362	0	0.208573952	0.208573952	222.9133761	26.85561546
11	2	2017-07-14 00:00:00.000	72.17	3.964	0.11584	0.03806907	0.15390907	29.93334445	19.46445855	350.972719	19.27748175	0.563345985	0.185135167	0.748481152	66.51854323	36.0452936
11	2	2017-07-20 00:00:00.000	44.24	1.805	0.11506	0.03374407	0.14880407	154.4986048	9.335881354	224.1275001	9.144442532	0.582913882	0.170953301	0.753867183	343.3302328	17.28866917
11	2	2017-08-10 00:00:00.000	31.57	1.336	0.10466	0.01523307	0.11989307	72.08078249	18.86575615	174.935352	7.403029151	0.579940891	0.084409327	0.664350218	160.1795166	34.93658546
11	3	2017-07-05 00:00:00.000	56.74	3.406	0	0.04152907	0.04152907	148.7690046	16.53878739	300.72576	18.05202571	0	0.220106823	0.220106823	330.597788	30.62738406
11	3	2017-07-14 00:00:00.000	60.02	2.579	0.107	0.03028407	0.13728407	0	15.82425202	294.2141152	12.64208935	0.524507003	0.148450531	0.672957534	0	29.30417041
11	3	2017-07-20 00:00:00.000	65.94	2.184	0.10804	0.03322507	0.14126507	0	6.108149042	329.2487826	10.90505522	0.539460699	0.165897996	0.705358695	0	11.31138711
11	3	2017-08-10 00:00:00.000	65.86	1.376	0.0979	0.01800107	0.11590107	0	20.97040475	354.562629	7.407807129	0.527052557	0.096910214	0.623962771	0	38.83408287
11	4	2017-07-05 00:00:00.000	42.03	2.372	0	0.03391707	0.03391707	49.5881303	11.6839736	222.7157193	12.56915741	0	0.179725545	0.179725545	110.1958451	21.63698816
11	4	2017-07-14 00:00:00.000	47.23	3.211	0.1083	0.03184107	0.14014107	132.941787	20.74516994	231.0232767	15.70645229	0.529744249	0.155749065	0.685493314	295.4261934	38.41698138
11	4	2017-07-20 00:00:00.000	26.18	1.68	0.11532	0.02768907	0.14300907	116.2591364	8.034065448	135.6987699	8.707942455	0.59773805	0.143520731	0.741258781	258.3536364	14.87789898
11	4	2017-08-10 00:00:00.000	45.65	1.879	0	0.02111507	0.02111507	86.86698263	23.11381809	252.2547247	10.38305866	0	0.116678558	0.116678558	193.0377392	42.80336684
11	5	2017-07-05 00:00:00.000	39.29	2.362	0.09842	0.03582007	0.13424007	73.65053101	11.01576621	205.2855092	12.341165	0.514232625	0.187155544	0.701388169	163.6678467	20.39956706
11	5	2017-07-14 00:00:00.000	32.26	2.045	0.10284	0.02474807	0.12758807	126.6159274	18.12902229	162.8385757	10.32253215	0.519104747	0.124920659	0.644025406	281.3687275	33.5722635
11	5	2017-07-20 00:00:00.000	26.57	1.38	0.11116	0.03305207	0.14421207	68.53867749	8.064394086	136.6016529	7.094854382	0.571495662	0.169927264	0.741422926	152.3081722	14.93406312
11	5	2017-08-10 00:00:00.000	20	1.078	0.10622	0	0.10622	107.6828952	21.11382529	116.9130033	6.30161088	0.620924961	0	0.620924961	239.2953226	39.09967645
12	1	2017-07-05 00:00:00.000	54.94	3.279	0.09816	0.03651207	0.13467207	87.65869939	12.88398911	282.6311131	16.86835493	0.504970332	0.187831216	0.692801548	194.7971098	23.85923909
12	1	2017-07-14 00:00:00.000	55.24	2.957	0.1083	0.02284507	0.13114507	5.801904605	6.431599898	273.4388496	14.63719548	0.536086666	0.113083448	0.649170114	12.89312134	11.91037018
12	1	2017-07-20 00:00:00.000	49	2.052	0.10752	0.03374407	0.14126407	45.50640987	9.531522357	247.9617218	10.38402966	0.544098864	0.170759953	0.714858817	101.1253553	17.65096733
12	1	2017-08-10 00:00:00.000	30.64	1.892	0.09868	0.01955807	0.11823807	112.8107793	26.31009021	174.0150209	10.74531395	0.56043741	0.111076957	0.671514367	250.6906206	48.72238927
12	2	2017-07-05 00:00:00.000	43.12	2.482	0.09738	0.03512807	0.13250807	69.21108426	14.47437385	232.8417507	13.40244029	0.525837887	0.189686487	0.715524374	153.8024095	26.80439601
12	2	2017-07-14 00:00:00.000	43.72	2.479	0.1083	0.03011107	0.13841107	103.831382	22.71216501	216.3463262	12.26721278	0.535917363	0.149003188	0.684920551	230.7364044	42.05956483
12	2	2017-07-20 00:00:00.000	183.05	2.34	0.09868	0.03045707	0.12913707	0	1.747631315	940.0851164	12.01747704	0.506788305	0.156417581	0.663205886	0	3.236354287
12	2	2017-08-10 00:00:00.000	27.47	1.438	0.10544	0.01834707	0.12378707	144.5815383	30.04362688	153.2394347	8.021780381	0.588189516	0.102347821	0.690537337	321.2923074	55.63634607
12	3	2017-07-05 00:00:00.000	53.39	2.923	0.09738	0.04948707	0.14686707	54.83945413	14.03709562	282.9589155	15.49145739	0.516099254	0.262273978	0.778373232	121.8654536	25.99462153
12	3	2017-07-14 00:00:00.000	61.74	2.296	0.09842	0.02665107	0.12507107	11.82782232	15.95787822	307.8240244	11.44742404	0.490703604	0.132877221	0.623580825	26.28404961	29.55162634
12	3	2017-07-20 00:00:00.000	254.55	1.524	0.10388	0.02976507	0.13364507	0	6.165972255	1285.716178	7.697628972	0.524691403	0.150341513	0.675032916	0	11.41846714
12	3	2017-08-10 00:00:00.000	38.16	3.606	0.107	0.10363607	0.21063607	47.25336758	6.968079338	211.6156543	19.99701387	0.593366746	0.574712127	1.168078873	105.0074835	12.90385063
12	4	2017-07-05 00:00:00.000	77.74	3.972	0	0.04014507	0.04014507	79.731097	20.83414719	408.3175744	20.86232835	0	0.210855899	0.210855899	177.1802156	38.58175406
12	4	2017-07-14 00:00:00.000	72.43	3.132	0.10076	0.02249907	0.12325907	13.83537188	8.956258266	357.8736055	15.47508122	0.497850953	0.111166965	0.609017918	30.74527084	16.58566346
12	4	2017-07-20 00:00:00.000	73.39	1.236	0.0979	0.03028407	0.12818407	0	6.825116871	378.1771814	6.369082929	0.504476714	0.156053198	0.660529912	0	12.63910532
12	4	2017-08-10 00:00:00.000	20.82	1.046	0.1057	0.01506007	0.12076007	118.1777894	21.56822168	110.7435711	5.563774032	0.562228408	0.080105953	0.642334361	262.6173099	39.94115126
12	5	2017-07-05 00:00:00.000	46.47	3.537	0.1005	0.05900207	0.15950207	158.0951601	23.81632195	243.4146313	18.52716916	0.526429319	0.309058901	0.83548822	351.3225779	44.1042999
12	5	2017-07-14 00:00:00.000	23.58	1.856	0.11454	0.01921207	0.13375207	154.3861158	21.37913377	117.8037316	9.27242264	0.572232376	0.095981914	0.66821429	343.0802573	39.59098846
12	5	2017-07-20 00:00:00.000	147.75	1.364	0.1031	0.03080307	0.13390307	0	8.41462488	755.0306667	6.97030003	0.526860655	0.15740956	0.684270215	0	15.58263867
12	5	2017-08-10 00:00:00.000	26.18	1.142	0.11376	0	0.11376	84.93425977	20.366632	144.1781427	6.289206988	0.626497537	0	0.626497537	188.7427995	37.71598518
2	1	2017-07-03 00:00:00.000	30.32	1.998	0.09998	0.03876107	0.13874107	171.7675865	18.60976539	160.5458041	10.57950253	0.52939873	0.205241661	0.734640391	381.7057477	34.4625285
2	1	2017-07-11 00:00:00.000	30.84	2.426	0.0979	0.02509407	0.12299407	128.5699496	16.79275312	152.3167879	11.98185887	0.48352184	0.123938007	0.607459847	285.710999	31.09769096
2	1	2017-07-17 00:00:00.000	42.47	2.749	0.10076	0.02405607	0.12481607	NULL	NULL	213.2267836	13.80175249	0.505880167	0.120776982	0.626657149	NULL	NULL
2	1	2017-08-07 00:00:00.000	30.49	2.121	0.12052	0.01644407	0.13696407	255.361494	27.60636097	169.571866	11.79606191	0.670278822	0.091454629	0.761733451	567.4699867	51.12289068
2	2	2017-07-03 00:00:00.000	47.52	2.788	0.0992	0.05502307	0.15422307	200.0244331	28.92117234	252.1565471	14.79403311	0.526387405	0.291970272	0.818357677	444.4987403	53.55772655
2	2	2017-07-11 00:00:00.000	32.4	2.229	0	0.02301807	0.02301807	157.6979683	18.34615469	160.9455621	11.07245858	0	0.114341241	0.114341241	350.4399295	33.97436053
2	2	2017-07-17 00:00:00.000	70.35	2.436	0.10076	0.02647807	0.12723807	147.399869	9.849921725	359.6194998	12.45249611	0.515071227	0.135352243	0.65042347	327.5552643	18.24059579
2	2	2017-08-07 00:00:00.000	28.94	1.554	0.10492	0	0.10492	215.2059173	15.51858865	156.7515384	8.417135129	0.568292032	0	0.568292032	478.2353719	28.73812714
2	3	2017-07-03 00:00:00.000	46.98	2.722	0	0.05017907	0.05017907	141.3875531	14.84452829	234.8047376	13.60448054	0	0.250793601	0.250793601	314.1945624	27.4898672
2	3	2017-07-11 00:00:00.000	30.22	2.044	0.09764	0.01506007	0.11270007	171.8723653	18.87199143	152.6784622	10.32676296	0.493299969	0.076086973	0.569386942	381.9385895	34.94813228
2	3	2017-07-17 00:00:00.000	37.93	1.861	0.11454	0.01973107	0.13427107	NULL	NULL	187.2059736	9.185086129	0.565319594	0.097383975	0.662703569	NULL	NULL
2	3	2017-08-07 00:00:00.000	26.51	1.891	0.11298	0.01627107	0.12925107	278.474661	22.85318528	138.7482826	9.897133251	0.591315767	0.085159676	0.676475443	618.8325799	42.32071348
2	4	2017-07-03 00:00:00.000	39.92	2.205	0.09842	0.04983307	0.14825307	207.6833655	19.46161721	203.8729822	11.26102018	0.502634742	0.254499414	0.757134156	461.51859	36.04003188
2	4	2017-07-11 00:00:00.000	69.85	2.327	0.09712	0.02388307	0.12100307	0	14.52079717	354.5120301	11.81030056	0.492916369	0.12121454	0.614130909	0	26.89036514
2	4	2017-07-17 00:00:00.000	38.04	2.412	0.1226	0.02526707	0.14786707	NULL	NULL	188.2066304	11.93360653	0.606575523	0.125011307	0.73158683	NULL	NULL
2	4	2017-08-07 00:00:00.000	19.5	1.388	0.09686	0.01419507	0.11105507	183.6762031	15.0238221	101.8962613	7.252923626	0.506137019	0.074175619	0.580312638	408.1693402	27.82189277
2	5	2017-07-03 00:00:00.000	49.6	2.771	0.09686	0.04222107	0.13908107	103.6054098	16.88717776	254.4538084	14.2155545	0.496903143	0.216599033	0.713502176	230.2342439	31.27255141
2	5	2017-07-11 00:00:00.000	28.93	2.328	0.10336	0.01955807	0.12291807	177.2815052	17.97750661	148.5567325	11.95437516	0.530757825	0.100431489	0.631189314	393.9589005	33.2916789
2	5	2017-07-17 00:00:00.000	52.11	2.715	0.09998	0.02319107	0.12317107	220.5158905	9.595307116	266.7803843	13.89961127	0.511853825	0.118728124	0.630581949	490.0353122	17.76908725
2	5	2017-08-07 00:00:00.000	24.86	1.471	0.0979	0	0.0979	197.8354455	18.99246818	132.5120465	7.840917958	0.521839475	0	0.521839475	439.6343234	35.17123738
3	1	2017-07-03 00:00:00.000	44.91	3.426	0.11038	0.05519607	0.16557607	131.4622879	21.63656945	233.2387746	17.79283103	0.573255309	0.286659179	0.859914488	292.1384176	40.06772121
3	1	2017-07-11 00:00:00.000	41.28	3.276	0.11532	0.02509407	0.14041407	108.5214545	11.17860156	210.0131969	16.66674499	0.586693844	0.127666809	0.714360653	241.1587879	20.701114
3	1	2017-07-17 00:00:00.000	31.95	2.312	0.1109	0.02094207	0.13184207	NULL	NULL	163.4236318	11.82583526	0.567251354	0.107118283	0.674369637	NULL	NULL
3	1	2017-08-07 00:00:00.000	34.36	1.882	0.10024	0.01488707	0.11512707	172.5145183	17.37633842	187.7853892	10.28556759	0.547834907	0.081361299	0.629196206	383.3655963	32.17840447
3	2	2017-07-03 00:00:00.000	48.52	2.417	0.09738	0.04896807	0.14634807	119.7917322	21.98452922	246.7415246	12.29130802	0.495212071	0.249020121	0.744232192	266.2038494	40.71209115
3	2	2017-07-11 00:00:00.000	54.98	2.846	0	0.02198007	0.02198007	95.2163737	14.59378494	274.1472605	14.19103498	0	0.109599418	0.109599418	211.5919416	27.02552768
3	2	2017-07-17 00:00:00.000	42.76	2.771	0.11584	0.03184107	0.14768107	NULL	NULL	213.4541002	13.83258446	0.578262932	0.158947777	0.737210709	NULL	NULL
3	2	2017-08-07 00:00:00.000	25.29	1.67	0.10258	0.01367607	0.11625607	189.6012377	14.94894387	128.610016	8.492634507	0.521661346	0.069548422	0.591209768	421.3360838	27.68322939
3	3	2017-07-03 00:00:00.000	45.88	3.176	0.10466	0.05831007	0.16297007	158.4516315	27.2757235	245.1036752	16.9670722	0.559122726	0.311508554	0.87063128	352.1147366	50.51059907
3	3	2017-07-11 00:00:00.000	59.16	3.533	0.0979	0.02025007	0.11815007	274.4755589	33.96422281	314.2965151	18.76960088	0.520108668	0.107581583	0.627690251	609.9456864	62.89670891
3	3	2017-07-17 00:00:00.000	40.01	2.362	0.10908	0.02647807	0.13555807	NULL	NULL	197.2715628	11.64597429	0.537825096	0.130551618	0.668376714	NULL	NULL
3	3	2017-08-07 00:00:00.000	29.09	1.994	0.10518	0.01696307	0.12214307	260.1426176	22.96657398	155.0034711	10.6248512	0.560442251	0.090386206	0.650828457	578.0947058	42.53069255
3	4	2017-07-03 00:00:00.000	54.56	3.57	0.09972	0.05692607	0.15664607	99.10372863	17.93981388	279.8845472	18.31356	0.511548516	0.292022128	0.803570644	220.2305081	33.22187755
3	4	2017-07-11 00:00:00.000	32.92	2.503	0.10102	0.02059607	0.12161607	234.8477349	29.67174921	197.226899	14.99571471	0.605220575	0.123393044	0.728613619	521.8838553	54.94768373
3	4	2017-07-17 00:00:00.000	39.05	2.517	0.11376	0.02561307	0.13937307	307.6176205	14.69289011	200.1931005	12.90361163	0.583200182	0.131307552	0.714507734	683.5947122	27.20905576
3	4	2017-08-07 00:00:00.000	64.01	1.501	0.11142	0.01609807	0.12751807	64.75628592	20.62217888	330.5617864	7.751495725	0.575397504	0.083133991	0.658531495	143.9028576	38.18922015
3	5	2017-07-03 00:00:00.000	82.68	3.21	0	0.03339807	0.03339807	129.8849801	21.85545989	456.1763853	17.71076677	0	0.184269604	0.184269604	288.6332892	40.47307386
3	5	2017-07-11 00:00:00.000	39.65	2.587	0.10856	0.01748207	0.12604207	202.3761543	31.68652749	243.5022249	15.88752222	0.666698652	0.107362495	0.774061147	449.7247874	58.6787546
3	5	2017-07-17 00:00:00.000	55.95	3.083	0.1109	0.02422907	0.13512907	303.4663908	17.94756483	286.2542499	15.77340219	0.567392249	0.123962006	0.691354255	674.3697573	33.23623116
3	5	2017-08-07 00:00:00.000	32.39	1.694	0.11558	0	0.11558	321.4598695	30.42642572	169.6366265	8.872011279	0.605328845	0	0.605328845	714.3552656	56.34523281
4	1	2017-07-04 00:00:00.000	72.07	2.906	0	0.04308607	0.04308607	0	16.98055618	383.647007	15.4693798	0	0.229358149	0.229358149	0	31.44547441
4	1	2017-07-13 00:00:00.000	117.15	2.376	0.09764	0.02890007	0.12654007	0	17.89657391	621.6861778	12.60884642	0.518151416	0.153365549	0.671516965	0	33.14180354
4	1	2017-07-19 00:00:00.000	25.54	2.158	0.10726	0.04274007	0.15000007	250.5141102	14.55259	127.6064469	10.78209524	0.535907106	0.213543793	0.749450899	556.6980227	26.94924074
4	1	2017-08-09 00:00:00.000	26.66	1.534	0.10154	0.01488707	0.11642707	156.4916549	16.77992061	144.2516024	8.300148466	0.549411392	0.080550777	0.629962169	347.7592331	31.07392705
4	2	2017-07-04 00:00:00.000	50.27	2.251	0	0.04083707	0.04083707	52.23486673	14.21182905	270.8653431	12.12886189	0	0.22003873	0.22003873	116.0774816	26.31820195
4	2	2017-07-13 00:00:00.000	43.67	2.287	0.09712	0.02578607	0.12290607	72.01110071	15.15430687	216.303863	11.32784371	0.481049489	0.127722156	0.608771645	160.0246682	28.06353124
4	2	2017-07-19 00:00:00.000	45.52	2.475	0.09998	0.03876107	0.13874107	180.1076484	8.63720395	228.9652601	12.44923152	0.502898654	0.194967893	0.697866547	400.2392188	15.99482213
4	2	2017-08-09 00:00:00.000	18.17	1.219	0.1044	0.01575207	0.12015207	219.0938345	18.33215341	96.60173874	6.480876143	0.555047965	0.08374669	0.638794655	486.8751878	33.94843223
4	3	2017-07-04 00:00:00.000	48.14	2.822	0.10154	0.05398507	0.15552507	94.71830297	19.03361114	252.8366595	14.82145935	0.533299427	0.28353562	0.816835047	210.4851177	35.24742804
4	3	2017-07-13 00:00:00.000	30.31	2.021	0	0.01869307	0.01869307	128.9734376	16.58209067	156.0228694	10.40324048	0	0.0962239	0.0962239	286.607639	30.70757532
4	3	2017-07-19 00:00:00.000	47.23	2.626	0.10336	0.03789607	0.14125607	243.7491446	12.10082988	235.0395963	13.06826127	0.514369949	0.188589392	0.702959341	541.6647658	22.40894422
4	3	2017-08-09 00:00:00.000	68.46	1.484	0.107	0	0.107	0	18.33494745	367.1283246	7.958200902	0.573805591	0	0.573805591	0	33.95360639
4	4	2017-07-04 00:00:00.000	47.63	2.523	0	0.04931407	0.04931407	65.28808845	16.07908442	257.0064906	13.61384371	0	0.266093556	0.266093556	145.084641	29.77608227
4	4	2017-07-13 00:00:00.000	46.94	2.366	0	0.02353707	0.02353707	86.74124115	17.78367849	247.6388299	12.48217877	0	0.124173253	0.124173253	192.7583137	32.93273795
4	4	2017-07-19 00:00:00.000	35.99	2.461	0.0979	0.03512807	0.13302807	186.8227841	6.527718518	182.7377919	12.4956295	0.497083352	0.178361377	0.675444729	415.1617424	12.08836763
4	4	2017-08-09 00:00:00.000	17.95	1.301	0	0.01661707	0.01661707	159.8815858	19.47482425	98.61320467	7.147397174	0	0.091290391	0.091290391	355.2924129	36.06448936
4	5	2017-07-04 00:00:00.000	65.11	2.219	0.0992	0.03703107	0.13623107	137.3881004	22.34963	348.6541863	11.88240884	0.531200972	0.19829577	0.729496742	305.3068899	41.3882037
4	5	2017-07-13 00:00:00.000	30.36	2.38	0.09894	0.02890007	0.12784007	151.0844361	14.73656346	177.3993202	13.90679783	0.578125453	0.168868668	0.746994121	335.7431913	27.28993233
4	5	2017-07-19 00:00:00.000	37.69	2.51	0.10336	0.03651207	0.13987207	145.3798221	7.117461269	188.2189266	12.53461146	0.516166311	0.182336498	0.698502809	323.0662713	13.18048383
4	5	2017-08-09 00:00:00.000	53.55	1.805	0.10284	0	0.10284	26.17400765	14.31173324	283.9331853	9.570483651	0.545278969	0	0.545278969	58.16446144	26.5032097
5	1	2017-07-04 00:00:00.000	60.22	3.612	0.09764	0.05035207	0.14799207	220.6544958	19.51606209	319.8613706	19.18530838	0.518619466	0.267447395	0.786066861	490.3433239	36.14085573
5	1	2017-07-13 00:00:00.000	54.1	3.535	0.1252	0.03928007	0.16448007	62.58191469	18.31540502	282.8722773	18.48342884	0.654632331	0.205383417	0.860015748	139.0709215	33.9174167
5	1	2017-07-19 00:00:00.000	32.26	2.151	0.10102	0.03893407	0.13995407	311.6805078	11.18395992	158.8023162	10.58846194	0.497278673	0.191655936	0.688934609	692.6233507	20.7110369
5	1	2017-08-09 00:00:00.000	17.49	1.217	0	0.01540607	0.01540607	143.0243867	22.12447651	97.89420011	6.811734793	0	0.086230126	0.086230126	317.8319705	40.9712528
5	2	2017-07-04 00:00:00.000	57.6	2.477	0.09868	0.04827607	0.14695607	368.9247004	33.21345004	297.4018563	12.78931247	0.509507208	0.249260292	0.7587675	819.8326675	61.50638896
5	2	2017-07-13 00:00:00.000	53.76	2.811	0.0992	0.03322507	0.13242507	0	9.008597524	270.3344672	14.13523414	0.498831457	0.16707369	0.665905147	0	16.68258801
5	2	2017-07-19 00:00:00.000	27.95	1.817	0.10336	0.02353707	0.12689707	323.0405648	13.24967121	142.8291541	9.285172557	0.528186811	0.120278347	0.648465158	717.8679219	24.53642818
5	2	2017-08-09 00:00:00.000	16.46	1	0	0	0	109.9345677	17.58420467	88.58591411	5.381890286	0	0	0	244.2990394	32.56334198
5	3	2017-07-04 00:00:00.000	46.53	3.414	0.0979	0.09429407	0.19219407	388.5047953	39.59401314	243.0043488	17.82971947	0.511285746	0.492453666	1.003739412	863.3439895	73.32224656
5	3	2017-07-13 00:00:00.000	56.76	2.503	0.10388	0.02751607	0.13139607	0	10.19019431	282.5098424	12.45810669	0.517038802	0.136954908	0.65399371	0	18.8707302
5	3	2017-07-19 00:00:00.000	32.83	2.268	0.10284	0.03893407	0.14177407	336.1053944	12.65241363	161.0808585	11.12797402	0.504585912	0.191030564	0.695616476	746.9008763	23.43039561
5	3	2017-08-09 00:00:00.000	27.74	1.312	0	0.01886607	0.01886607	58.90599739	17.68340823	150.3085348	7.109041012	0	0.102225355	0.102225355	130.9022164	32.74705228
5	4	2017-07-04 00:00:00.000	80.57	3.371	0.09686	0.04931407	0.14617407	220.3348984	29.48988262	432.6726327	18.10276089	0.520152305	0.264823737	0.784976042	489.6331075	54.61089374
5	4	2017-07-13 00:00:00.000	35.36	2.503	0.1083	0.02492107	0.13322107	126.243321	16.24114469	179.3927295	12.69852947	0.549440967	0.126432657	0.675873624	280.5407134	30.07619388
5	4	2017-07-19 00:00:00.000	37.61	2.032	0.11116	0.03530107	0.14646107	336.7327527	15.04179265	187.3055146	10.11977681	0.553599601	0.17580657	0.729406171	748.2950059	27.85517158
5	4	2017-08-09 00:00:00.000	27.4	1.848	0.1135	0.02042307	0.13392307	140.1958087	21.13487937	152.6807291	10.29759078	0.632454845	0.113803256	0.746258101	311.5462416	39.1386655
5	5	2017-07-04 00:00:00.000	32.79	1.739	0.1018	0.03703107	0.13883107	271.2342739	27.86828754	167.6876295	8.893223168	0.520603863	0.189376406	0.709980269	602.7428308	51.60793989
5	5	2017-07-13 00:00:00.000	33.66	2.571	0.10206	0.03357107	0.13563107	140.3744133	20.15709022	167.928055	12.8265903	0.509172231	0.167484388	0.676656619	311.9431408	37.32794486
5	5	2017-07-19 00:00:00.000	29.15	1.353	0.1161	0.01765507	0.13375507	241.7410482	9.206510944	148.8368792	6.908277787	0.592794568	0.090144958	0.682939526	537.2023294	17.04909434
5	5	2017-08-09 00:00:00.000	58.4	2.82	0	0.02232607	0.02232607	75.35250198	17.97189863	310.1963551	14.97865961	0	0.118586739	0.118586739	167.4500044	33.28129376
6	1	2017-07-04 00:00:00.000	59.63	2.452	0	0.04291307	0.04291307	348.0574202	31.91791255	310.6846451	12.77542763	0	0.223585979	0.223585979	773.4609338	59.10724547
6	1	2017-07-13 00:00:00.000	27.9	1.387	0.09842	0.02665107	0.12507107	168.920578	7.516392208	149.9167443	7.452850334	0.528846092	0.143205794	0.672051886	375.3790622	13.91924483
6	1	2017-07-19 00:00:00.000	14.65	1.119	0.10232	0.02371007	0.12603007	362.3966774	13.23113753	73.80738864	5.6375746	0.51549297	0.119452447	0.634945417	805.3259498	24.50210654
6	1	2017-08-09 00:00:00.000	17.96	1.388	0.09946	0	0.09946	199.0933711	26.27458922	101.0535971	7.809710068	0.559620867	0	0.559620867	442.4297135	48.65664671
6	2	2017-07-04 00:00:00.000	39.38	1.513	0.09816	0.03703107	0.13519107	198.2504106	23.2994543	201.1324325	7.727612249	0.501349913	0.189135327	0.69048524	440.556468	43.14713759
6	2	2017-07-13 00:00:00.000	48.64	2.475	0.11558	0.03322507	0.14880507	0	9.865136023	245.3333169	12.4835518	0.582969259	0.167582579	0.750551838	0	18.26877041
6	2	2017-07-19 00:00:00.000	29.54	1.86	0.10492	0.03512807	0.14004807	301.2134183	12.54450872	148.487062	9.349557729	0.527395482	0.1765763	0.703971782	669.3631518	23.23057171
6	2	2017-08-09 00:00:00.000	33.23	1.371	0	0.02163407	0.02163407	64.09027095	17.88363322	186.7823366	7.70624687	0	0.121602833	0.121602833	142.4228243	33.1178393
6	3	2017-07-04 00:00:00.000	43.21	1.98	0.10128	0.04550807	0.14678807	207.9930188	23.28392644	221.3543164	10.14305824	0.518832797	0.23312677	0.751959567	462.2067085	43.1183823
6	3	2017-07-13 00:00:00.000	21.85	1.825	0.1096	0.02388307	0.13348307	165.2572442	18.95463241	113.5741839	9.486173255	0.569690186	0.124141885	0.693832071	367.2383204	35.10117113
6	3	2017-07-19 00:00:00.000	35.92	2.281	0.10648	0.04793007	0.15441007	322.9804447	16.44200072	180.5570503	11.46577483	0.535237047	0.240927396	0.776164443	717.7343216	30.44814949
6	3	2017-08-09 00:00:00.000	20.97	1.501	0	0.01592507	0.01592507	145.5280686	23.45591404	116.0048445	8.303446427	0	0.088096579	0.088096579	323.395708	43.43687785
6	4	2017-07-04 00:00:00.000	65.92	2.51	0	0.03772307	0.03772307	246.8952145	25.556238	347.1357722	13.21770006	0	0.198650289	0.198650289	548.6560322	47.32636667
6	4	2017-07-13 00:00:00.000	36.25	1.926	0.10284	0.02111507	0.12395507	99.9899753	18.3165385	184.2108734	9.787314269	0.522599896	0.107300013	0.629899909	222.1999451	33.91951575
6	4	2017-07-19 00:00:00.000	43.86	2.6	0	0.03772307	0.03772307	308.9988352	16.9170114	220.1243702	13.04886828	0	0.189324374	0.189324374	686.6640783	31.3277989
6	4	2017-08-09 00:00:00.000	21.28	1.45	0	0.01609807	0.01609807	162.2889387	21.69901041	119.3478528	8.132255009	0	0.090285249	0.090285249	360.642086	40.18335261
6	5	2017-07-04 00:00:00.000	62.19	2.978	0.09764	0.04689207	0.14453207	398.8393404	43.26863257	340.7696803	16.31793066	0.535017713	0.256944777	0.79196249	886.3096454	80.12709736
6	5	2017-07-13 00:00:00.000	35.74	2.021	0.1044	0.02025007	0.12465007	30.4092173	11.66020395	178.9554529	10.11944517	0.522746203	0.101395088	0.624141291	67.57603844	21.59297027
6	5	2017-07-19 00:00:00.000	62.96	2.993	0.10206	0.06523007	0.16729007	165.7129431	15.36759894	339.4009156	16.13448126	0.550178803	0.35163827	0.901817073	368.2509846	28.45851656
6	5	2017-08-09 00:00:00.000	35.49	1.683	0	0.01575207	0.01575207	104.4862102	20.24649579	191.9477019	9.102507248	0	0.085195087	0.085195087	232.1915781	37.49351072
7	1	2017-07-05 00:00:00.000	45.48	2.26	0.10284	0.05052507	0.15336507	316.1968134	33.47696893	245.3020791	12.1895932	0.554680427	0.272513296	0.827193723	702.6595853	61.9943869
7	1	2017-07-12 00:00:00.000	42.06	2.649	0.10726	0.02595907	0.13321907	220.4603448	26.91322901	208.3783968	13.12397464	0.531399592	0.128609353	0.660008945	489.9118773	49.83931298
7	1	2017-07-18 00:00:00.000	65.84	3.994	0.10102	0.02941907	0.13043907	235.9294098	17.45237929	369.3774466	22.40725276	0.566745286	0.165047706	0.731792992	524.2875774	32.31922091
7	1	2017-08-08 00:00:00.000	18.59	1.601	0.1291	0.01488707	0.14398707	169.5390475	21.23235084	103.9686899	8.953946882	0.722020326	0.083259234	0.80527956	376.7534388	39.31916821
7	2	2017-07-05 00:00:00.000	136.75	3.235	0	0.07266907	0.07266907	0	12.77285777	718.4893902	16.99680568	0	0.381805892	0.381805892	0	23.65344032
7	2	2017-07-12 00:00:00.000	26.45	1.845	0.1083	0.02890007	0.13720007	148.7193642	12.22125241	128.1729287	8.940606936	0.524806358	0.140045619	0.664851977	330.4874759	22.6319489
7	2	2017-07-18 00:00:00.000	38.01	2.581	0	0.03772307	0.03772307	56.36033546	3.354464548	191.5844915	13.00919686	0	0.190138258	0.190138258	125.2451899	6.211971386
7	2	2017-08-08 00:00:00.000	19.78	1.489	0.1525	0	0.1525	151.3921026	21.92096015	104.5393654	7.869520479	0.805978424	0	0.805978424	336.4268946	40.59437066
7	3	2017-07-05 00:00:00.000	44.7	1.875	0.09686	0.05000607	0.14686607	203.0171248	23.91179076	231.2241059	9.698997732	0.501037291	0.258671338	0.759708629	451.1491663	44.281094
7	3	2017-07-12 00:00:00.000	26.82	2.393	0.10284	0.02890007	0.13174007	133.8405099	11.51490537	130.4622456	11.64042333	0.500251206	0.140580463	0.640831669	297.4233554	21.32389882
7	3	2017-07-18 00:00:00.000	33.96	2.48	0.10102	0.04654607	0.14756607	177.9125105	12.20536769	171.7131092	12.5397088	0.51079088	0.235352485	0.746143365	395.3611344	22.60253276
7	3	2017-08-08 00:00:00.000	17.37	1.419	0.14496	0	0.14496	153.6227768	22.636203	92.73906458	7.576092841	0.773946736	0	0.773946736	341.3839485	41.91889444
7	4	2017-07-05 00:00:00.000	100.85	2.537	0	0.07076607	0.07076607	0	19.35603684	533.0370026	13.4091708	0	0.374030083	0.374030083	0	35.84451267
7	4	2017-07-12 00:00:00.000	22.97	1.999	0.11844	0.01730907	0.13574907	199.0232286	19.1740117	118.6491169	10.32562406	0.611789352	0.089408179	0.701197531	442.2738413	35.50742907
7	4	2017-07-18 00:00:00.000	31.33	2.391	0.11402	0.05208207	0.16610207	137.7396111	10.25562832	155.6115673	11.87575032	0.566320808	0.25868409	0.825004898	306.0880247	18.99190429
7	4	2017-08-08 00:00:00.000	17.14	1.372	0.14574	0.01765507	0.16339507	174.5490919	25.36696001	93.23155947	7.462876289	0.792740226	0.096033239	0.888773465	387.8868709	46.97585187
7	5	2017-07-05 00:00:00.000	40.13	1.602	0.09764	0.03755007	0.13519007	187.6449702	22.67505871	212.6871491	8.490526113	0.517487497	0.199013639	0.716501136	416.9888226	41.99084946
7	5	2017-07-12 00:00:00.000	22.32	1.91	0.13378	0.01627107	0.15005107	249.3960984	23.19171639	120.012335	10.26987275	0.719321244	0.087487863	0.806809107	554.213552	42.94762295
7	5	2017-07-18 00:00:00.000	33.43	1.712	0.09816	0.02388307	0.12204307	123.5490226	9.311060977	165.7568576	8.488655108	0.486709337	0.118420061	0.605129398	274.5533836	17.24270551
7	5	2017-08-08 00:00:00.000	29.32	2.273	0.12468	0	0.12468	151.5572744	26.61286116	156.326929	12.11906923	0.664762671	0	0.664762671	336.7939432	49.28307622
8	1	2017-07-05 00:00:00.000	76.51	2.194	0	0.04083707	0.04083707	180.8124249	23.96802251	406.8548341	11.66696518	0	0.21715801	0.21715801	401.8053886	44.38522687
8	1	2017-07-12 00:00:00.000	30.2	2.283	0.10206	0.02353707	0.12559707	135.3352182	15.75399251	151.8262762	11.4774632	0.513092376	0.118329328	0.631421704	300.7449293	29.1740602
8	1	2017-07-18 00:00:00.000	70.04	4.027	0.10362	0.02820807	0.13182807	201.873369	16.78822553	345.7342375	19.87823778	0.511493171	0.139241799	0.65073497	448.6074867	31.08930654
8	1	2017-08-08 00:00:00.000	67.69	1.38	0	0	0	0	21.89391175	369.0303275	7.52344293	0	0	0	0	40.54428103
8	2	2017-07-05 00:00:00.000	52.02	2.418	0.09972	0.04256707	0.14228707	0	0	272.5740392	12.66981981	0.522512172	0.223042641	0.745554813	0	0
8	2	2017-07-12 00:00:00.000	41.84	2.645	0.09842	0.02959207	0.12801207	201.7643202	25.59886611	214.6563698	13.56993542	0.504934988	0.151819463	0.656754451	448.365156	47.4053076
8	2	2017-07-18 00:00:00.000	38.3	1.931	0.11012	0.01471407	0.12483407	102.091398	9.2530807	204.2932128	10.30000507	0.587382992	0.078485238	0.66586823	226.8697734	17.13533463
8	2	2017-08-08 00:00:00.000	119.65	1.593	0.10128	0.01800107	0.11928107	0	28.44796125	646.2584121	8.604175934	0.547037626	0.097228106	0.644265732	0	52.68140973
8	3	2017-07-05 00:00:00.000	38.82	2.022	0	0.04135607	0.04135607	204.2150049	25.96268199	209.5028117	10.91227937	0	0.223189411	0.223189411	453.8111221	48.07904073
8	3	2017-07-12 00:00:00.000	27.68	2.083	0.1161	0.02595907	0.14205907	150.6513386	18.36488095	135.6092379	10.20498708	0.568794527	0.127178096	0.695972623	334.7807525	34.00903879
8	3	2017-07-18 00:00:00.000	484.75	2.521	0.09686	0.03270607	0.12956607	0	4.626901203	2366.365591	12.30656556	0.472833772	0.159658625	0.632492397	0	8.568335561
8	3	2017-08-08 00:00:00.000	22.05	1.752	0.13456	0.01557907	0.15013907	151.4984545	21.83707814	121.5126822	9.654885222	0.741530454	0.085852815	0.827383269	336.6632321	40.43903359
8	4	2017-07-05 00:00:00.000	62.69	2.338	0.09764	0.04775707	0.14539707	15.92685907	16.91528736	280.135448	10.4475463	0.436312413	0.213406416	0.649718829	35.39302015	31.32460621
8	4	2017-07-12 00:00:00.000	33.97	2.507	0.11922	0.02146107	0.14068107	105.8707384	11.34101383	168.6827048	12.44885313	0.592003299	0.106567893	0.698571192	235.2683076	21.00187747
8	4	2017-07-18 00:00:00.000	62.37	1.753	0	0.01713607	0.01713607	1.479417808	9.649685562	321.110845	9.025289582	0	0.088224754	0.088224754	3.28759513	17.86978808
8	4	2017-08-08 00:00:00.000	9.15	1.089	0.19592	0	0.19592	244.3278999	23.20640023	48.75630095	5.802799097	1.043970982	0	1.043970982	542.9508887	42.97481524
8	5	2017-07-05 00:00:00.000	19.87	1.349	0.11064	0.04689207	0.15753207	336.933977	28.61644032	127.4565203	8.653188014	0.709702537	0.300790139	1.010492676	748.742171	52.993408
8	5	2017-07-12 00:00:00.000	32.62	1.773	0.10102	0.02180707	0.12282707	96.94189957	15.77815243	175.8065752	9.555642482	0.544450651	0.117529929	0.66198058	215.4264435	29.21880079
8	5	2017-07-18 00:00:00.000	32.37	1.692	0	0.03184107	0.03184107	152.843591	13.85027918	171.0080756	8.938698299	0	0.168213781	0.168213781	339.6524244	25.64866515
8	5	2017-08-08 00:00:00.000	12.14	1.094	0.15406	0	0.15406	158.8598725	22.45670597	73.75431382	6.646393684	0.935962898	0	0.935962898	353.0219389	41.58649254
9	1	2017-07-05 00:00:00.000	53.66	3.327	0.107	0.04498907	0.15198907	121.6911234	19.16134096	284.8662296	17.66213093	0.568033667	0.238834639	0.806868306	270.4247187	35.48396475
9	1	2017-07-12 00:00:00.000	38.76	3.146	0.12988	0.02267207	0.15255207	245.8469453	34.19023539	196.0608879	15.91350757	0.656975958	0.114682822	0.77165878	546.3265451	63.31525071
9	1	2017-07-18 00:00:00.000	85.08	4.612	0.11922	0.05813707	0.17735707	198.6709033	18.0774504	432.3093791	23.43454227	0.605781901	0.295406684	0.901188585	441.4908962	33.47675999
9	1	2017-08-08 00:00:00.000	35.91	2.851	0.14548	0.02059607	0.16607607	167.8083821	32.47854246	211.0380145	16.75492563	0.854965479	0.121040204	0.976005683	372.9075157	60.14544901
9	2	2017-07-05 00:00:00.000	49.27	2.982	0	0.04101007	0.04101007	133.2779018	17.0583404	257.6371009	15.59313649	0	0.214445211	0.214445211	296.173115	31.58951926
9	2	2017-07-12 00:00:00.000	23.07	2.332	0.14314	0.02249907	0.16563907	128.6700775	16.85621185	114.479615	11.5720183	0.710299614	0.111646505	0.821946119	285.9335056	31.21520714
9	2	2017-07-18 00:00:00.000	59.83	1.801	0.10336	0.03218707	0.13554707	0	7.919474503	303.5439537	9.1372666	0.524390825	0.163299189	0.687690014	0	14.66569352
9	2	2017-08-08 00:00:00.000	22.98	1.694	0.14002	0.01730907	0.15732907	134.3670136	22.18762417	124.2849181	9.161821206	0.757283474	0.093614288	0.850897762	298.5933635	41.08819291
9	3	2017-07-05 00:00:00.000	39.71	2.432	0.09998	0.03772307	0.13770307	187.6806694	24.50924515	206.2178	12.62960689	0.519205632	0.195899484	0.715105116	417.0681543	45.38749103
9	3	2017-07-12 00:00:00.000	269.45	2.527	0.09816	0.03305207	0.13121207	0	16.33818644	1365.715924	12.80818015	0.497527093	0.167525472	0.665052565	0	30.25590081
9	3	2017-07-18 00:00:00.000	51.72	3.144	0.10882	0.05571507	0.16453507	104.4861557	13.04296394	257.4460072	15.64985009	0.541671974	0.277332218	0.819004192	232.1914571	24.15363692
9	3	2017-08-08 00:00:00.000	16.64	1.377	0.14184	0.01471407	0.15655407	131.2746271	21.08097705	87.05784568	7.204246004	0.742084425	0.076981685	0.81906611	291.7213935	39.03884639
9	4	2017-07-05 00:00:00.000	42.78	3.003	0.1057	0.04498907	0.15068907	166.0229408	21.17843604	223.9358332	15.7194789	0.553296343	0.235499413	0.788795756	368.9398684	39.21932599
9	4	2017-07-12 00:00:00.000	61.65	3.668	0.09946	0.03357107	0.13303107	108.6277498	15.3033578	319.7999577	19.0271897	0.515933557	0.174144798	0.690078355	241.3949997	28.33955147
9	4	2017-07-18 00:00:00.000	47.93	2.038	0.10622	0.03253307	0.13875307	114.4415059	3.392155197	240.1268205	10.21027457	0.532156705	0.162988998	0.695145703	254.3144576	6.281768884
9	4	2017-08-08 00:00:00.000	18.64	1.378	0.13482	0.01852007	0.15334007	112.9209685	25.27060328	98.95388586	7.315367742	0.715716893	0.098317215	0.814034108	250.9354856	46.79741349
9	5	2017-07-05 00:00:00.000	31.64	2.106	0.10024	0.03080307	0.13104307	134.5249558	20.3481175	188.4593994	12.54410541	0.597066062	0.183474339	0.780540401	298.9443461	37.68169908
9	5	2017-07-12 00:00:00.000	28.55	2.539	0.09764	0.03495507	0.13259507	185.5059707	19.12341426	162.6440764	14.46421401	0.556237045	0.199132577	0.755369622	412.2354904	35.41373012
9	5	2017-07-18 00:00:00.000	38.37	1.417	0.09686	0.03547407	0.13233407	87.68620957	10.12029213	193.4598408	7.14445125	0.488363831	0.17885869	0.667222521	194.8582435	18.74128172
9	5	2017-08-08 00:00:00.000	21.3	1.35	0.1356	0	0.1356	108.3432775	20.04885417	114.6305305	7.265315315	0.729760561	0	0.729760561	240.762839	37.12750772
