SampDate	Plot	Sample	wet_sieve	dry_sieve	tin_wt	tin_wetsoil	tin_od	rockwt_measured	core_vol	old_bd_dontuse	calc_rockvol	calc_bd
2017-07-03 00:00:00.000	1	1	0	1	25.78	78.12	75.46	4.38	38.7	1.22	0.19	1.1763178395222
2017-07-03 00:00:00.000	1	2	0	1	25.23	69.09	68.48	5.28	38.7	1.02	0.1	0.983678756476684
2017-07-03 00:00:00.000	1	3	0	1	25.67	79.28	76.25	2.82	38.7	1.27	0.17	1.23955359460161
2017-07-03 00:00:00.000	1	4	0	1	25.13	77.33	74.56	3.78	38.7	1.23	0.16	1.18448365334717
2017-07-03 00:00:00.000	1	5	0	1	25.23	75.12	72.4	3.83	38.7	1.15	0.15	1.1242542153048
2017-07-03 00:00:00.000	2	1	0	1	25.42	81	76.06	1.49	38.7	1.29	0.45	1.28496732026144
2017-07-03 00:00:00.000	2	2	0	1	25.45	82.1	77.17	4.31	38.7	1.26	0.04	1.22633212622866
2017-07-03 00:00:00.000	2	3	0	1	25.43	77.45	74.49	1.62	38.7	1.24	0.02	1.22647362978283
2017-07-03 00:00:00.000	2	4	0	1	25.18	72	69.32	2.75	38.7	1.1	0.02	1.0700620475698
2017-07-03 00:00:00.000	2	5	0	1	25.38	77.68	72.62	0.59	38.7	1.29	0.34	1.21611053180396
2017-07-03 00:00:00.000	3	1	0	1	25.5	71.27	67.04	4.32	38.7	1	0.07	0.963499870566917
2017-07-03 00:00:00.000	3	2	0	1	25.66	63.31	58.72	0.25	38.7	0.86	0.09	0.84977984977985
2017-07-03 00:00:00.000	3	3	0	1	25.69	84.03	80.26	3.23	38.7	1.38	0.21	1.33385294881787
2017-07-03 00:00:00.000	3	4	0	1	25.63	80.05	76.2	1.36	38.7	1.29	0.18	1.27751817237799
2017-07-03 00:00:00.000	3	5	0	1	25.92	78.3	74.14	1.03	38.7	1.24	0.15	1.22412451361868
2017-07-03 00:00:00.000	4	1	0	1	25.65	72.23	66.83	1.3	38.7	1.04	0.11	1.03342834931329
2017-07-03 00:00:00.000	4	2	0	1	25.73	77.44	72.86	2.1	38.7	1.19	0.14	1.16779045643154
2017-07-03 00:00:00.000	4	3	0	1	25.83	74.78	70.73	1.06	38.7	1.15	0.22	1.13929313929314
2017-07-03 00:00:00.000	4	4	0	1	25.79	76.46	72.41	2.03	38.7	1.18	0.08	1.15458311755567
2017-07-03 00:00:00.000	4	5	0	1	25.91	77.33	73	2.71	38.7	1.18	0.07	1.14884804556045
2017-07-03 00:00:00.000	5	1	0	1	25.8	76.44	70.56	1.79	38.7	1.12	0.05	1.1117723156533
2017-07-03 00:00:00.000	5	2	0	1	25.64	80.05	76.93	2.92	38.7	1.28	0.41	1.26325411334552
2017-07-03 00:00:00.000	5	3	0	1	25.59	80.61	76.78	3.05	38.7	1.28	0	1.24392764857881
2017-07-03 00:00:00.000	5	4	0	1	25.75	71.96	72.92	1.62	38.7	1.19	0.22	1.18373180873181
2017-07-03 00:00:00.000	5	5	0	1	25.79	70.61	66.39	2.3	38.7	1.02	0.24	0.995839833593344
2017-07-03 00:00:00.000	6	1	0	1	25.91	80.03	69.21	2.6	38.7	1.08	0.23	1.05796724720561
2017-07-03 00:00:00.000	6	2	0	1	25.52	81.65	75.1	2.74	38.7	1.24	0.19	1.21630745260971
2017-07-03 00:00:00.000	6	3	0	1	25.71	73.94	69.26	1.07	38.7	1.11	0.4	1.10913838120104
2017-07-03 00:00:00.000	6	4	0	1	25.43	74.86	69.69	1.11	38.7	1.13	0.05	1.11642949547219
2017-07-03 00:00:00.000	6	5	0	1	25.33	59.83	56.11	0.88	38.7	0.78	0.63	0.785395324402417
2017-07-03 00:00:00.000	7	1	0	1	25.26	80.5	72.51	1	38.7	1.21	0.21	1.20161080800208
2017-07-03 00:00:00.000	7	2	0	1	25.73	80.8	73.82	1.7	38.7	1.21	0.19	1.20462217605817
2017-07-03 00:00:00.000	7	3	0	1	25.69	76.17	71.23	1.5	38.7	1.17	0.08	1.14034179181771
2017-07-03 00:00:00.000	7	4	0	1	25.87	57.08	55.62	4.2	38.7	0.69	0.34	0.666058394160584
2017-07-03 00:00:00.000	7	5	0	1	25.61	77.77	73.41	1	38.7	1.23	0.37	1.22097573702061
2017-07-03 00:00:00.000	8	1	0	1	25.39	76.46	72.47	2.98	38.7	1.19	0.13	1.14337568058076
2017-07-03 00:00:00.000	8	2	0	1	25.92	77.92	71.6	2.2	38.7	1.14	0.14	1.12759336099585
2017-07-03 00:00:00.000	8	3	1	0	25.33	74.05	66.13	4.35	38.7	1.1	0.12	0.944790046656298
2017-07-03 00:00:00.000	8	4	1	0	25.67	70.98	66.7	2.82	38.7	1.09	0.14	0.990923236514523
2017-07-03 00:00:00.000	8	5	1	0	25.52	72.91	69.81	2.32	38.7	1.16	0.06	1.0861801242236
2017-07-03 00:00:00.000	9	1	1	0	25.34	75.26	64.42	6.45	38.7	1.06	0.19	0.847312386393144
2017-07-03 00:00:00.000	9	2	1	0	25.97	69.72	63.78	7.04	38.7	1.02	0.15	0.798184176394293
2017-07-03 00:00:00.000	9	3	1	0	25.44	73.15	64.42	5.74	38.7	1.08	0.6	0.87244094488189
2017-07-03 00:00:00.000	9	4	1	0	25.83	75.78	71.41	3.41	38.7	1.23	0.23	1.09617884065506
2017-07-03 00:00:00.000	9	5	1	0	25.88	73.91	68.08	1.78	38.7	1.1	0.33	1.05342715663279
2017-07-03 00:00:00.000	10	1	1	0	25.17	72.49	68.09	2.92	38.7	1.14	0.17	1.03815208928108
2017-07-03 00:00:00.000	10	2	1	0	25.61	73.04	66.17	2.49	38.7	1.08	0.08	0.98575867426204
2017-07-03 00:00:00.000	10	3	1	0	25.24	70.61	63.1	4.68	38.7	1.03	0.29	0.863837542306691
2017-07-03 00:00:00.000	10	4	1	0	25.87	73.17	68.83	2.36	38.7	1.14	0.09	1.05154105154105
2017-07-03 00:00:00.000	10	5	1	0	25.72	72.17	66.85	2.59	38.7	1.09	0.12	0.998963193364437
2017-07-03 00:00:00.000	11	1	1	0	25.39	75.03	69.81	2.03	38.7	1.16	0.33	1.10476935105551
2017-07-03 00:00:00.000	11	2	1	0	25.84	77.22	71.39	2.69	38.7	1.21	0.03	1.10835272821308
2017-07-03 00:00:00.000	11	3	1	0	26.03	83.26	77.04	3.13	38.7	1.37	0.22	1.24428274428274
2017-07-03 00:00:00.000	11	4	1	0	25.15	76.23	69.93	2.55	38.7	1.19	0.08	1.09347488348006
2017-07-03 00:00:00.000	11	5	1	0	25.53	76.69	64.24	0.68	38.7	1.01	0.25	0.989076723016905
2017-07-03 00:00:00.000	12	1	1	0	25.82	72.65	67.85	2.75	38.7	1.11	0.66	1.03259726603575
2017-07-03 00:00:00.000	12	2	1	0	25.46	71.67	67.18	2.82	38.7	1.11	0.25	1.01170351105332
2017-07-03 00:00:00.000	12	3	1	0	25.37	76.01	71.8	2.74	38.7	1.23	0.02	1.12952430196484
2017-07-03 00:00:00.000	12	4	1	0	25.83	76.76	71.94	2.5	38.7	1.22	0.13	1.13067150635209
2017-07-03 00:00:00.000	12	5	1	0	25.47	70.63	66.54	1.74	38.7	1.09	0.17	1.02076304178562
2017-08-08 00:00:00.000	7	1	NULL	NULL	25.68	80.96	73.58	0.4	38.7	1.23	0.15	1.23216601815824
2017-08-08 00:00:00.000	7	2	NULL	NULL	25.91	73.51	66.69	0.48	38.7	1.05	0.18	1.04620976116303
2017-08-08 00:00:00.000	7	3	NULL	NULL	25.24	77.89	70.46	0.55	38.7	1.16	0.21	1.1605611847233
2017-08-08 00:00:00.000	7	4	NULL	NULL	25.42	76.16	68.68	0.25	38.7	1.11	0.09	1.11396011396011
2017-08-08 00:00:00.000	7	5	NULL	NULL	25.41	81.37	72.59	0.18	38.7	1.22	0.07	1.21667098110277
2017-08-08 00:00:00.000	8	1	NULL	NULL	25.77	80.95	72.52	0.89	38.7	1.2	0.34	1.19551616266945
2017-08-08 00:00:00.000	8	2	NULL	NULL	25.9	75.63	68.13	0.04	38.7	1.09	0.02	1.09074457083764
2017-08-08 00:00:00.000	8	3	NULL	NULL	25.76	74.5	67.53	0.06	38.7	1.08	0.02	1.07833505687694
2017-08-08 00:00:00.000	8	4	NULL	NULL	25.78	82.23	68.47	0.11	38.7	1.1	0.04	1.10139679255044
2017-08-08 00:00:00.000	8	5	NULL	NULL	25.7	79.9	68.25	1.19	38.7	1.08	0.45	1.08130718954248
2017-08-08 00:00:00.000	9	1	NULL	NULL	25.77	69.96	62.6	0.4	38.7	0.95	0.15	0.945006485084306
2017-08-08 00:00:00.000	9	2	NULL	NULL	25.67	80.02	72.26	0.42	38.7	1.2	0.16	1.19797612869746
2017-08-08 00:00:00.000	9	3	NULL	NULL	25.29	79.77	72.51	0.44	38.7	1.21	0.17	1.21411886841422
2017-08-08 00:00:00.000	9	4	NULL	NULL	25.61	81.71	72.4	0.27	38.7	1.21	0.1	1.20518134715026
2017-08-08 00:00:00.000	9	5	NULL	NULL	25.5	81.63	73.06	0.5	38.7	1.22	0.19	1.22202025447936
2017-08-09 00:00:00.000	1	1	NULL	NULL	25.36	86.89	78.8	0.88	38.7	1.37	0.33	1.36982017200938
2017-08-09 00:00:00.000	1	2	NULL	NULL	26.04	82.69	75.22	0.61	38.7	1.26	0.23	1.26254224070704
2017-08-09 00:00:00.000	1	3	NULL	NULL	25.72	80.49	71.98	1.58	38.7	1.17	0.6	1.17270341207349
2017-08-09 00:00:00.000	1	4	NULL	NULL	25.83	81.15	71.86	0.4	38.7	1.18	0.15	1.18365758754864
2017-08-09 00:00:00.000	1	5	NULL	NULL	25.55	85.79	76.85	0.51	38.7	1.32	0.19	1.31887821345105
2017-08-09 00:00:00.000	2	1	NULL	NULL	25.43	75.47	67.14	0.16	38.7	1.08	0.06	1.07531055900621
2017-08-09 00:00:00.000	2	2	NULL	NULL	25.35	85.75	77.08	0.38	38.7	1.33	0.14	1.33169087136929
2017-08-09 00:00:00.000	2	3	NULL	NULL	25.44	83.99	76.22	0.31	38.7	1.31	0.12	1.30819077242094
2017-08-09 00:00:00.000	2	4	NULL	NULL	25.86	78.77	72.05	0.38	38.7	1.19	0.14	1.18801867219917
2017-08-09 00:00:00.000	2	5	NULL	NULL	25.53	81.98	71.75	0.34	38.7	1.19	0.13	1.18952553798289
2017-08-09 00:00:00.000	3	1	NULL	NULL	25.43	82.31	71.88	0.99	38.7	1.19	0.37	1.18601617531959
2017-08-09 00:00:00.000	3	2	NULL	NULL	25.85	82.6	75.27	0.9	38.7	1.26	0.34	1.26485922836288
2017-08-09 00:00:00.000	3	3	NULL	NULL	25.92	73.99	65.65	0.22	38.7	1.02	0.08	1.02304505437597
2017-08-09 00:00:00.000	3	4	NULL	NULL	25.82	79.69	71.24	0.51	38.7	1.17	0.19	1.1661905998442
2017-08-09 00:00:00.000	3	5	NULL	NULL	25.94	78.24	68.47	0.55	38.7	1.09	0.21	1.09067290205248
2017-08-09 00:00:00.000	4	1	NULL	NULL	25.6	79.81	72.58	1.68	38.7	1.19	0.63	1.18991331757289
2017-08-09 00:00:00.000	4	2	NULL	NULL	25.63	74.64	65.85	0.12	38.7	1.04	0.05	1.03751617076326
2017-08-09 00:00:00.000	4	3	NULL	NULL	25.66	81.92	73.07	1.06	38.7	1.21	0.4	1.21018276762402
2017-08-09 00:00:00.000	4	4	NULL	NULL	25.87	85.27	76.57	0.5	38.7	1.3	0.19	1.30355751752791
2017-08-09 00:00:00.000	4	5	NULL	NULL	25.7	84.07	73.44	0.61	38.7	1.23	0.23	1.22511047569535
2017-08-09 00:00:00.000	5	1	NULL	NULL	25.44	86.34	75	0.64	38.7	1.27	0.24	1.27197087883515
2017-08-09 00:00:00.000	5	2	NULL	NULL	25.67	78.05	70.17	0.59	38.7	1.14	0.22	1.14111226611227
2017-08-09 00:00:00.000	5	3	NULL	NULL	25.81	80.76	71.98	0	38.7	1.19	0	1.19302325581395
2017-08-09 00:00:00.000	5	4	NULL	NULL	25.81	82.05	73.61	1.09	38.7	1.22	0.41	1.21990075737791
2017-08-09 00:00:00.000	5	5	NULL	NULL	25.96	72.68	64.18	0.12	38.7	0.99	0.05	0.985769728331177
2017-08-09 00:00:00.000	6	1	NULL	NULL	25.16	75.74	64.66	0.18	38.7	1.02	0.07	1.01786176546725
2017-08-09 00:00:00.000	6	2	NULL	NULL	25.17	77.26	68.71	0.2	38.7	1.12	0.08	1.12221646815122
2017-08-09 00:00:00.000	6	3	NULL	NULL	25.54	74.67	65.5	0.59	38.7	1.02	0.22	1.0231288981289
2017-08-09 00:00:00.000	6	4	NULL	NULL	25.47	81.85	71.52	0.37	38.7	1.18	0.14	1.18464730290456
2017-08-09 00:00:00.000	6	5	NULL	NULL	25.82	79.95	69.53	0.3	38.7	1.12	0.11	1.12490282456595
2017-08-10 00:00:00.000	10	1	NULL	NULL	25.8	81.39	71.31	0.45	38.7	1.17	0.17	1.16947832857514
2017-08-10 00:00:00.000	10	2	NULL	NULL	25.23	84.81	75.85	0.77	38.7	1.3	0.29	1.2978391043999
2017-08-10 00:00:00.000	10	3	NULL	NULL	25.24	83.59	73.92	0.21	38.7	1.26	0.08	1.25504919730709
2017-08-10 00:00:00.000	10	4	NULL	NULL	25.52	84.61	73.97	0.44	38.7	1.25	0.17	1.24604204515962
2017-08-10 00:00:00.000	10	5	NULL	NULL	25.39	83.32	71.53	0.35	38.7	1.19	0.13	1.1871921182266
2017-08-10 00:00:00.000	11	1	NULL	NULL	25.92	77.72	68.79	0.05	38.7	1.11	0.02	1.10703205791107
2017-08-10 00:00:00.000	11	2	NULL	NULL	25.67	86.11	77.41	0.66	38.7	1.33	0.25	1.32847854356307
2017-08-10 00:00:00.000	11	3	NULL	NULL	25.38	83.48	74.17	1.74	38.7	1.24	0.66	1.23685594111462
2017-08-10 00:00:00.000	11	4	NULL	NULL	25.72	84.92	74.6	0.65	38.7	1.25	0.25	1.25435630689207
2017-08-10 00:00:00.000	11	5	NULL	NULL	25.75	87.2	75.79	0.2	38.7	1.29	0.08	1.29052304505438
2017-08-10 00:00:00.000	12	1	NULL	NULL	25.88	87.67	76.08	0.59	38.7	1.29	0.22	1.28924116424116
2017-08-10 00:00:00.000	12	2	NULL	NULL	25.96	84.88	75.43	0.08	38.7	1.28	0.03	1.27721748125162
2017-08-10 00:00:00.000	12	3	NULL	NULL	25.7	82.09	73.26	0.87	38.7	1.22	0.33	1.21683606984623
2017-08-10 00:00:00.000	12	4	NULL	NULL	25.19	84.17	73.12	0.31	38.7	1.23	0.12	1.23431829963712
2017-08-10 00:00:00.000	12	5	NULL	NULL	25.68	87.23	75.62	0.24	38.7	1.29	0.09	1.28723128723129
