Plot	Sample	SampDate	doc_don	tin_wt	grav_mois	grav_od	mbc_prefum	mbc_postfum	leftover
1	1	2017-07-03 00:00:00.000	10.17	0.98	5.24	5.03	10.1	4.43	20.31
1	1	2017-07-11 00:00:00.000	11.03	1.03	6.44	6.04	10.6	10.63	17.1
1	1	2017-07-17 00:00:00.000	10.73	1	7.15	6.64	10.66	10.58	24.15
1	1	2017-08-07 00:00:00.000	10.85	0.99	6.48	5.9	10.71	11.51	37.99
1	2	2017-07-03 00:00:00.000	10.14	1.01	6.56	6.27	10.18	10.23	19.72
1	2	2017-07-11 00:00:00.000	10.55	1	6.08	5.68	10.65	10.78	30.32
1	2	2017-07-17 00:00:00.000	10.66	1.01	7.13	6.8	10.6	11.04	19.07
1	2	2017-08-07 00:00:00.000	10.95	1.01	6.47	5.82	10.64	11.75	30.04
1	3	2017-07-03 00:00:00.000	10.57	0.97	5.22	5.06	10.21	10.54	30.07
1	3	2017-07-11 00:00:00.000	10.73	0.99	6.29	5.92	10.7	10.8	34.68
1	3	2017-07-17 00:00:00.000	10.64	1.01	7.18	6.8	10.63	10.74	21.46
1	3	2017-08-07 00:00:00.000	10.97	1.01	7.29	6.67	10.83	11.5	47.24
1	4	2017-07-03 00:00:00.000	10.06	1.02	6.05	5.85	10.1	10.99	30.9
1	4	2017-07-11 00:00:00.000	10.56	1.02	6.37	6.05	10.69	11.02	20.97
1	4	2017-07-17 00:00:00.000	10.7	1	7.21	6.8	10.75	10.89	25.75
1	4	2017-08-07 00:00:00.000	10.7	1.01	7.36	6.19	10.84	11.25	31.79
1	5	2017-07-03 00:00:00.000	10.09	0.99	6.22	6.07	10.22	10.71	27.13
1	5	2017-07-11 00:00:00.000	10.52	1.03	6.53	6.12	10.66	10.76	23.56
1	5	2017-07-17 00:00:00.000	10.63	1.04	7.14	6.64	10.72	10.78	14.02
1	5	2017-08-07 00:00:00.000	10.69	1.03	7.44	6.52	10.85	11.06	21.66
2	1	2017-07-03 00:00:00.000	10.08	0.99	6.39	6.08	10.26	10.26	26.67
2	1	2017-07-11 00:00:00.000	11	1.01	6.39	6	10.77	10.93	16.16
2	1	2017-07-17 00:00:00.000	11.03	1.03	6.21	5.75	10.8	uk1	24.99
2	1	2017-08-07 00:00:00.000	10.83	1.03	6.43	5.7	10.92	11.44	26.95
2	2	2017-07-03 00:00:00.000	10.11	1	6.16	5.84	10.05	11.03	16.27
2	2	2017-07-11 00:00:00.000	10.92	0.99	6.17	5.8	10.76	10.89	23.25
2	2	2017-07-17 00:00:00.000	10.76	0.99	6.03	5.61	10.87	10.6	25.82
2	2	2017-08-07 00:00:00.000	10.74	0.99	6.89	6.3	11.06	11.86	38.99
2	3	2017-07-03 00:00:00.000	10.07	1.06	6.1	6.07	10.04	10.62	25.97
2	3	2017-07-11 00:00:00.000	10.8	1.01	6.54	6.12	10.5	10.59	24
2	3	2017-07-17 00:00:00.000	10.88	0.9	6.16	5.83	10.91	uk2	25.82
2	3	2017-08-07 00:00:00.000	10.89	0.99	6.11	5.54	10.99	11.96	37.66
2	4	2017-07-03 00:00:00.000	10.09	1.01	6.2	6.06	10	10.55	20.38
2	4	2017-07-11 00:00:00.000	10.88	1.03	6.88	6.38	10.56	10.58	19.55
2	4	2017-07-17 00:00:00.000	10.9	1.02	6.46	6.1	10.63	uk3	26.18
2	4	2017-08-07 00:00:00.000	10.66	1.03	6.41	5.82	10.68	11.6	41.11
2	5	2017-07-03 00:00:00.000	10.3	1.01	6.11	5.86	10.07	10.28	21.18
2	5	2017-07-11 00:00:00.000	10.55	1.01	6.91	6.5	10.61	10.97	25.06
2	5	2017-07-17 00:00:00.000	10.8	1	6.77	6.27	10.8	10.71	20.77
2	5	2017-08-07 00:00:00.000	11.02	0.99	6.24	5.42	11.08	11.35	35.31
3	1	2017-07-03 00:00:00.000	10.09	0.99	6.01	5.8	10.2	10.66	30.39
3	1	2017-07-11 00:00:00.000	10.61	0.99	6.36	6	10.67	10.72	16.39
3	1	2017-07-17 00:00:00.000	11.01	1.01	7.36	6.72	10.91	uk4	21.49
3	1	2017-08-07 00:00:00.000	10.9	1	7.12	6.58	10.96	11.53	18.04
3	2	2017-07-03 00:00:00.000	10.28	1	6.31	6.1	10.17	11.5	15.17
3	2	2017-07-11 00:00:00.000	10.97	1	6.65	6.21	10.82	10.75	26.14
3	2	2017-07-17 00:00:00.000	10.87	1.01	6.63	6.23	10.58	uk5	36.63
3	2	2017-08-07 00:00:00.000	10.69	1.01	7.48	6.77	11.01	11.1	59.82
3	3	2017-07-03 00:00:00.000	10.3	1.02	6.3	5.86	10.01	10.39	22.38
3	3	2017-07-11 00:00:00.000	10.77	1.01	5.73	5.18	10.62	10.72	12.8
3	3	2017-07-17 00:00:00.000	10.94	0.99	6.58	6.21	10.53	uk6	44.53
3	3	2017-08-07 00:00:00.000	11.05	0.99	6.19	5.6	10.86	11.87	19.28
3	4	2017-07-03 00:00:00.000	10.2	1	6.47	6.25	10.47	10.78	27.51
3	4	2017-07-11 00:00:00.000	10.9	1.01	6.92	5.65	10.94	10.69	18.83
3	4	2017-07-17 00:00:00.000	10.76	0.99	6.13	5.69	10.81	uk7	30
3	4	2017-08-07 00:00:00.000	10.92	0.99	7.55	6.81	11.03	11.74	32.81
3	5	2017-07-03 00:00:00.000	10.03	1.03	6	5.56	10.15	10.35	26.94
3	5	2017-07-11 00:00:00.000	10.26	1.03	6.05	5.09	11.01	10.74	23.09
3	5	2017-07-17 00:00:00.000	11.04	1.01	5.73	5.23	10.92	10.69	-
3	5	2017-08-07 00:00:00.000	10.93	1.01	6.22	5.48	10.94	11.96	29.88
4	1	2017-07-04 00:00:00.000	10.12	1.02	6.04	5.71	10.14	10.17	23.25
4	1	2017-07-13 00:00:00.000	10.7	1.02	6.23	5.66	10.86	10.85	19.25
4	1	2017-07-19 00:00:00.000	10.92	1.03	5.99	5.61	10.75	10.77	30.92
4	1	2017-08-09 00:00:00.000	11.03	1.03	6.36	5.64	10.83	11.5	18.62
4	2	2017-07-04 00:00:00.000	10.13	1.02	6.24	5.84	10.05	10.68	24.34
4	2	2017-07-13 00:00:00.000	10.9	1.01	6.86	6.47	10.81	10.64	24.86
4	2	2017-07-19 00:00:00.000	10.73	1	6.71	6.33	10.83	10.96	30.68
4	2	2017-08-09 00:00:00.000	11.09	1.01	6.05	5.31	10.94	11.85	25.85
4	3	2017-07-04 00:00:00.000	10.09	1.02	6.06	5.8	10.06	11.3	23.75
4	3	2017-07-13 00:00:00.000	10.73	1.01	6.08	5.64	10.64	10.76	22.79
4	3	2017-07-19 00:00:00.000	10.86	1.01	5.97	5.63	10.51	10.79	30.57
4	3	2017-08-09 00:00:00.000	10.69	1.01	6.29	5.57	10.94	11.78	27
4	4	2017-07-04 00:00:00.000	10.15	1.01	6.3	5.88	10.15	10.58	29.24
4	4	2017-07-13 00:00:00.000	10.74	1	6.1	5.55	10.62	10.86	22.29
4	4	2017-07-19 00:00:00.000	10.74	1.01	6.58	6.16	10.82	10.85	31.84
4	4	2017-08-09 00:00:00.000	11.09	1	6.96	6.15	10.79	11.87	23.93
4	5	2017-07-04 00:00:00.000	10.13	1	6.18	5.81	10.09	10.3	29.85
4	5	2017-07-13 00:00:00.000	10.89	1	6.53	5.44	10.56	10.85	16.6
4	5	2017-07-19 00:00:00.000	11	1	5.98	5.57	10.79	10.84	37.03
4	5	2017-08-09 00:00:00.000	11.15	0.99	6.52	5.51	10.59	11.53	27.28
5	1	2017-07-04 00:00:00.000	10	1	6.04	5.77	10.13	10.27	22.3
5	1	2017-07-13 00:00:00.000	10.62	1.03	6.43	5.94	10.78	10.67	17.22
5	1	2017-07-19 00:00:00.000	11.02	1.02	7.29	6.85	11	11.04	27.75
5	1	2017-08-09 00:00:00.000	11.06	1.02	7.08	6.2	10.31	11.01	14.03
5	2	2017-07-04 00:00:00.000	10.22	1	6.47	6.21	10	10.28	18.65
5	2	2017-07-13 00:00:00.000	10.82	1.04	6.32	5.93	10.88	10.84	20
5	2	2017-07-19 00:00:00.000	10.54	1.03	7.78	7.35	10.54	11.04	30.34
5	2	2017-08-09 00:00:00.000	10.73	1.03	6.5	5.8	10.95	11.58	21.29
5	3	2017-07-04 00:00:00.000	10.21	1	6.1	5.81	10.02	10.53	24.28
5	3	2017-07-13 00:00:00.000	10.8	1.01	6.19	5.86	10.49	10.69	25.93
5	3	2017-07-19 00:00:00.000	10.93	1	7.09	6.72	10.61	10.96	32.38
5	3	2017-08-09 00:00:00.000	10.85	1	7.11	6.15	10.6	11.36	15.71
5	4	2017-07-04 00:00:00.000	10.14	1.01	6.09	5.71	10.13	11.35	20.12
5	4	2017-07-13 00:00:00.000	10.71	1	6.07	5.7	10.62	10.64	20.28
5	4	2017-07-19 00:00:00.000	10.93	0.99	6.24	5.85	11.06	10.7	36.6
5	4	2017-08-09 00:00:00.000	10.92	0.99	6.55	5.85	10.81	11.25	17.88
5	5	2017-07-04 00:00:00.000	10.29	1	6.3	6.06	10.15	10.59	23.25
5	5	2017-07-13 00:00:00.000	10.99	1.01	6.37	5.94	10.6	10.77	23.79
5	5	2017-07-19 00:00:00.000	10.73	1.01	6.28	5.86	10.84	10.92	31
5	5	2017-08-09 00:00:00.000	10.81	1	6.25	5.39	10.54	11.03	11.3
6	1	2017-07-04 00:00:00.000	10.11	1	6.43	6.18	10.05	10.46	16.71
6	1	2017-07-13 00:00:00.000	10.68	1.01	6.64	5.98	10.15	10.65	7.58
6	1	2017-07-19 00:00:00.000	10.89	1.01	6.06	5.65	10.72	10.93	29.11
6	1	2017-08-09 00:00:00.000	11.09	1.03	6.35	5.38	10.7	11.41	14.7
6	2	2017-07-04 00:00:00.000	10.05	1.01	6.1	5.98	10.05	10.76	23.49
6	2	2017-07-13 00:00:00.000	10.73	0.97	6.95	6.54	10.8	10.74	22.54
6	2	2017-07-19 00:00:00.000	10.99	0.97	6.41	5.94	10.59	10.61	32.92
6	2	2017-08-09 00:00:00.000	10.76	0.95	7.01	6.13	11.01	11.86	29.1
6	3	2017-07-04 00:00:00.000	10.1	0.96	6.2	6.04	10.08	10.53	25.86
6	3	2017-07-13 00:00:00.000	10.52	1.02	6.55	6.12	10.61	10.59	25.35
6	3	2017-07-19 00:00:00.000	10.79	1	6.14	5.78	10.68	10.87	31.73
6	3	2017-08-09 00:00:00.000	10.98	1.05	6.49	5.55	10.57	11.3	23.2
6	4	2017-07-04 00:00:00.000	10.23	1.02	6.04	5.71	10.2	10.43	14.9
6	4	2017-07-13 00:00:00.000	10.83	1.02	6.82	6.34	10.64	10.79	20.52
6	4	2017-07-19 00:00:00.000	10.81	1.01	6.48	5.77	10.66	10.57	27.9
6	4	2017-08-09 00:00:00.000	10.84	1.01	6.51	7.77	10.64	11.75	32.32
6	5	2017-07-04 00:00:00.000	10.06	1.01	6.06	5.63	10.15	11.24	22.65
6	5	2017-07-13 00:00:00.000	10.91	0.99	6.3	5.89	10.66	10.69	24.84
6	5	2017-07-19 00:00:00.000	10.54	0.99	6.59	5.8	10.7	10.61	-
6	5	2017-08-09 00:00:00.000	11.01	0.99	6.94	5.92	10.82	11.77	17.27
7	1	2017-07-05 00:00:00.000	10.03	1.01	6.22	5.86	10.08	11.1	25.29
7	1	2017-07-12 00:00:00.000	10.88	1.02	6.33	5.98	10.99	10.85	17.97
7	1	2017-07-18 00:00:00.000	10.69	1	6.34	5.99	10.56	10.82	25.78
7	1	2017-08-08 00:00:00.000	10.92	1.03	6.52	5.85	11	11.99	24.13
7	2	2017-07-05 00:00:00.000	10.12	1.03	6.18	5.9	10.16	10.62	23.35
7	2	2017-07-12 00:00:00.000	10.98	0.99	6.48	6.18	10.99	10.98	25.87
7	2	2017-07-18 00:00:00.000	10.58	0.99	6.38	6.06	10.7	10.55	32.2
7	2	2017-08-08 00:00:00.000	10.97	0.99	6.69	5.93	10.97	11.68	25.24
7	3	2017-07-05 00:00:00.000	10.19	1	6.12	5.88	10.01	11.21	19.93
7	3	2017-07-12 00:00:00.000	10.97	1.02	6.44	6.13	10.97	10.64	23.82
7	3	2017-07-18 00:00:00.000	10.69	1.02	6.3	6.02	10.69	10.82	25.38
7	3	2017-08-08 00:00:00.000	11.06	1.02	7.01	6.09	11.02	11.77	21.21
7	4	2017-07-05 00:00:00.000	10.07	1	6.46	6.16	10.22	10.83	24.17
7	4	2017-07-12 00:00:00.000	10.98	1.03	6.29	5.72	11	10.88	23.82
7	4	2017-07-18 00:00:00.000	10.59	1	6.3	6.07	10.9	10.85	27.47
7	4	2017-08-08 00:00:00.000	11	1.02	7.08	6.27	10.99	12.02	17.64
7	5	2017-07-05 00:00:00.000	10	1.02	6.05	5.79	10.07	10.28	19.18
7	5	2017-07-12 00:00:00.000	10.99	1.02	6.41	5.65	10.97	10.7	16.84
7	5	2017-07-18 00:00:00.000	10.78	1.01	6.29	6	10.64	10.69	31.1
7	5	2017-08-08 00:00:00.000	10.94	1.01	7.15	6.25	11	11.52	20.58
8	1	2017-07-05 00:00:00.000	10.03	1.02	6.29	5.99	10.05	11.01	24.31
8	1	2017-07-12 00:00:00.000	11	1.02	6.15	5.7	11	10.69	19.41
8	1	2017-07-18 00:00:00.000	10.42	1.03	6.38	5.89	10.83	10.85	23.75
8	1	2017-08-08 00:00:00.000	10.86	1.04	6.93	6.14	10.95	11.62	21.67
8	2	2017-07-05 00:00:00.000	10.02	1.01	6.07	5.85	10.12	111.12	18.74
8	2	2017-07-12 00:00:00.000	11	1.02	6.19	5.65	10.99	10.77	14.15
8	2	2017-07-18 00:00:00.000	10.93	1.01	6.44	6.13	10.83	10.71	33.99
8	2	2017-08-08 00:00:00.000	10.83	1	6.67	5.83	11.01	11.82	18.34
8	3	2017-07-05 00:00:00.000	10.02	0.99	6.07	5.72	10.06	10.45	19.79
8	3	2017-07-12 00:00:00.000	11	1	6.16	5.82	10.97	10.55	23.25
8	3	2017-07-18 00:00:00.000	10.6	0.99	6.22	5.82	10.74	11.02	24.96
8	3	2017-08-08 00:00:00.000	11.05	1.01	6.6	5.83	10.71	11.61	20.83
8	4	2017-07-05 00:00:00.000	10.05	1	6	6.51	10.17	10.87	18.11
8	4	2017-07-12 00:00:00.000	10.98	1	6.29	5.89	11	10.68	15.65
8	4	2017-07-18 00:00:00.000	10.63	1.01	6.19	5.67	10.59	10.68	17.56
8	4	2017-08-08 00:00:00.000	10.92	1.01	6.6	5.33	10.81	11.97	13.62
8	5	2017-07-05 00:00:00.000	10.08	1	6.87	5.65	10.18	11.36	16.18
8	5	2017-07-12 00:00:00.000	10.98	1.02	6.44	5.67	10.99	10.64	21.1
8	5	2017-07-18 00:00:00.000	10.66	1.02	6.3	5.93	10.87	10.8	30.71
8	5	2017-08-08 00:00:00.000	10.71	1.02	6.12	5.15	11	11.02	16.52
9	1	2017-07-05 00:00:00.000	10.07	1.03	6.48	6.16	10.15	11.09	22.17
9	1	2017-07-12 00:00:00.000	10.99	1	6.34	5.85	10.99	10.84	18.01
9	1	2017-07-18 00:00:00.000	10.8	1.02	6.42	5.99	10.65	10.98	10.91
9	1	2017-08-08 00:00:00.000	10.89	1.01	6.59	5.82	10.98	11.62	15.2
9	2	2017-07-05 00:00:00.000	10.1	1.02	6.17	5.92	10.11	11.35	26.09
9	2	2017-07-12 00:00:00.000	10.99	0.97	6.39	5.98	10.99	10.62	17.99
9	2	2017-07-18 00:00:00.000	10.76	1.01	6.3	5.98	10.59	10.64	31.8
9	2	2017-08-08 00:00:00.000	11.02	1.02	6.46	5.8	10.94	11.59	30.07
9	3	2017-07-05 00:00:00.000	10.17	1	6.15	5.9	10.21	10.3	20.35
9	3	2017-07-12 00:00:00.000	11	0.98	6.17	5.68	10.96	10.98	19.8
9	3	2017-07-18 00:00:00.000	10.77	1.01	6.41	6.05	10.66	10.73	24.9
9	3	2017-08-08 00:00:00.000	10.92	1	6.32	5.65	10.85	11.85	24.95
9	4	2017-07-05 00:00:00.000	10.17	1.01	6.45	6.15	10.05	10.15	21.33
9	4	2017-07-12 00:00:00.000	10.99	1.02	6.26	5.67	10.99	10.93	18.72
9	4	2017-07-18 00:00:00.000	10.88	1	7.72	7.19	10.58	10.39	18.33
9	4	2017-08-08 00:00:00.000	10.8	1	7.35	6.55	10.82	11.91	26.44
9	5	2017-07-05 00:00:00.000	10.12	1	5.95	5.17	10.08	10.05	20.36
9	5	2017-07-12 00:00:00.000	10.99	1.02	6.18	5.22	10.97	10.61	12.18
9	5	2017-07-18 00:00:00.000	10.67	1.03	6.14	5.76	10.67	10.97	-
9	5	2017-08-08 00:00:00.000	10.84	1.02	7.29	6.42	10.94	11.53	27.39
10	1	2017-07-05 00:00:00.000	10.2	1	6.15	5.9	10.14	10.83	24.17
10	1	2017-07-14 00:00:00.000	10.8	1.01	6.37	6.02	10.63	10.9	23.76
10	1	2017-07-20 00:00:00.000	10.85	1	6.25	5.91	10.79	10.88	31.79
10	1	2017-08-10 00:00:00.000	10.97	1	7.28	6.14	10.84	11.47	21.02
10	2	2017-07-05 00:00:00.000	10.09	1	6.15	5.79	10	10.27	
10	2	2017-07-14 00:00:00.000	10.74	1.01	6.18	5.85	10.45	10.76	22.75
10	2	2017-07-20 00:00:00.000	10.54	1.01	6.2	5.72	10.58	10.97	29.39
10	2	2017-08-10 00:00:00.000	11.08	1.01	6.04	5.13	10.53	11.49	18.9
10	3	2017-07-05 00:00:00.000	10.15	1	6.06	5.8	10.04	11.31	31.87
10	3	2017-07-14 00:00:00.000	10.94	1.02	6.91	6.48	10.73	10.52	23.83
10	3	2017-07-20 00:00:00.000	10.81	1.01	6.39	6	10.71	10.98	24.77
10	3	2017-08-10 00:00:00.000	10.84	1.01	7.16	6.06	10.95	11.92	22.41
10	4	2017-07-05 00:00:00.000	10.12	1.01	6.13	5.86	10.06	10.54	26.75
10	4	2017-07-14 00:00:00.000	10.99	1.03	6.5	6.11	10.62	10.9	22.56
10	4	2017-07-20 00:00:00.000	10.88	1	6.24	5.7	10.66	10.95	32.88
10	4	2017-08-10 00:00:00.000	10.79	1.02	6.51	5.61	10.85	11.5	15.87
10	5	2017-07-05 00:00:00.000	10.2	1	6.13	5.83	10.11	11.33	28.67
10	5	2017-07-14 00:00:00.000	10.84	0.99	5.95	5.45	10.56	10.55	22.26
10	5	2017-07-20 00:00:00.000	10.9	1.03	6.17	5.71	10.66	10.82	34.27
10	5	2017-08-10 00:00:00.000	10.67	1	6.47	5.4	10.64	11.08	15.17
11	1	2017-07-05 00:00:00.000	10.35	1.02	6.02	5.75	10.14	10.45	22.44
11	1	2017-07-14 00:00:00.000	10.58	1	6.35	5.97	10.97	10.98	14.27
11	1	2017-07-20 00:00:00.000	10.78	1	6.47	6.05	10.7	11.02	23.95
11	1	2017-08-10 00:00:00.000	10.88	1	6.36	5.52	10.66	11.31	20.83
11	2	2017-07-05 00:00:00.000	10.18	1.02	6.47	6.2	10.1	10.39	29.34
11	2	2017-07-14 00:00:00.000	10.96	1	6.33	6.03	10.83	10.72	18.42
11	2	2017-07-20 00:00:00.000	10.81	1.01	6.22	5.87	10.62	10.79	29.74
11	2	2017-08-10 00:00:00.000	10.74	1.06	6.39	5.73	10.52	11.42	31.09
11	3	2017-07-05 00:00:00.000	10.04	1	6.28	5.99	10.05	10.31	33.83
11	3	2017-07-14 00:00:00.000	10.91	1	6.98	6.63	10.52	10.75	19.59
11	3	2017-07-20 00:00:00.000	10.75	1.01	6.23	5.74	10.92	10.77	32
11	3	2017-08-10 00:00:00.000	10.75	1.06	6.06	5.33	10.72	11.3	10.39
11	4	2017-07-05 00:00:00.000	10.13	1	6.29	5.96	10.09	10.98	23.32
11	4	2017-07-14 00:00:00.000	10.94	1.01	6.19	5.88	10.69	10.68	14.28
11	4	2017-07-20 00:00:00.000	10.74	1.02	6.36	5.9	10.81	10.92	39.32
11	4	2017-08-10 00:00:00.000	10.7	1.02	6.97	5.87	10.79	11.46	13.32
11	5	2017-07-05 00:00:00.000	10.19	0.99	6.42	6.12	10.05	10.75	21.03
11	5	2017-07-14 00:00:00.000	10.94	1	6.59	6.11	10.65	10.51	18.79
11	5	2017-07-20 00:00:00.000	10.95	1	6.27	5.8	10.4	10.84	34.05
11	5	2017-08-10 00:00:00.000	10.74	1.05	6.16	5.31	10.93	11.86	25.95
12	1	2017-07-05 00:00:00.000	10.28	1.02	6.26	6	10.11	10.4	18.13
12	1	2017-07-14 00:00:00.000	10.75	0.99	6.27	5.98	11.04	10.58	26.1
12	1	2017-07-20 00:00:00.000	10.76	0.99	6.16	5.71	10.74	10.53	31.17
12	1	2017-08-10 00:00:00.000	10.8	0.99	6.65	5.77	10.97	11.47	23.46
12	2	2017-07-05 00:00:00.000	10	0.99	6.17	5.82	10.16	10.83	20.65
12	2	2017-07-14 00:00:00.000	10.62	1	6.96	6.7	10.68	10.7	23.1
12	2	2017-07-20 00:00:00.000	10.93	1.03	6.38	5.92	10.63	10.7	34
12	2	2017-08-10 00:00:00.000	10.94	1.02	6.61	5.71	10.75	11.76	19.39
12	3	2017-07-05 00:00:00.000	10.16	1.02	6.58	6.22	10.24	11.45	17.7
12	3	2017-07-14 00:00:00.000	10.94	0.98	6.68	6.25	10.68	10.67	20.79
12	3	2017-07-20 00:00:00.000	10.78	1.02	6.28	5.8	10.91	10.82	34.96
12	3	2017-08-10 00:00:00.000	10.92	1	6.42	5.73	10.68	11.22	25.75
12	4	2017-07-05 00:00:00.000	10.23	1	6.04	5.72	10.04	10.59	21.49
12	4	2017-07-14 00:00:00.000	10.97	1.03	6.89	6.48	10.97	10.76	15.35
12	4	2017-07-20 00:00:00.000	10.76	1.02	6.21	5.78	10.72	10.94	30.79
12	4	2017-08-10 00:00:00.000	11	1.02	6.79	5.87	10.61	11.47	28.07
12	5	2017-07-05 00:00:00.000	10.16	1.01	6.08	5.8	10.09	11.02	18.34
12	5	2017-07-14 00:00:00.000	10.83	1.01	6.21	5.85	10.79	10.75	35.11
12	5	2017-07-20 00:00:00.000	10.99	1.02	6.34	5.81	10.28	10.61	29.81
12	5	2017-08-10 00:00:00.000	10.94	1.01	6.53	5.47	10.9	11.94	27.84
