Plot	Sample	SampDate	tinwght	mstsoil1011g	tinsoilOD24h	Gravmois	Imputed	Gravmois_percentage
1	1	2017-07-03 00:00:00.000	0.98	5.24	5.03	5.19	0	0.051851852
1	1	2017-07-11 00:00:00.000	1.03	6.44	6.04	7.98	0	0.079840319
1	1	2017-07-17 00:00:00.000	1	7.15	6.64	9.04	0	0.090425532
1	1	2017-08-07 00:00:00.000	0.99	6.48	5.9	11.81	0	0.118126273
1	2	2017-07-03 00:00:00.000	1.01	6.56	6.27	5.51	0	0.05513308
1	2	2017-07-11 00:00:00.000	1	6.08	5.68	8.55	0	0.085470085
1	2	2017-07-17 00:00:00.000	1.01	7.13	6.8	5.7	0	0.056994819
1	2	2017-08-07 00:00:00.000	1.01	6.47	5.82	13.51	0	0.135135135
1	3	2017-07-03 00:00:00.000	0.97	5.22	5.06	3.91	0	0.039119804
1	3	2017-07-11 00:00:00.000	0.99	6.29	5.92	7.51	0	0.07505071
1	3	2017-07-17 00:00:00.000	1.01	7.18	6.8	6.56	0	0.065630397
1	3	2017-08-07 00:00:00.000	1.01	7.29	6.67	10.95	0	0.109540636
1	4	2017-07-03 00:00:00.000	1.02	6.05	5.85	4.14	0	0.041407867
1	4	2017-07-11 00:00:00.000	1.02	6.37	6.05	6.36	0	0.06361829
1	4	2017-07-17 00:00:00.000	1	7.21	6.8	7.07	0	0.070689655
1	4	2017-08-07 00:00:00.000	1.01	7.36	6.19	22.59	0	0.225868726
1	5	2017-07-03 00:00:00.000	0.99	6.22	6.07	2.95	0	0.029527559
1	5	2017-07-11 00:00:00.000	1.03	6.53	6.12	8.06	0	0.080550098
1	5	2017-07-17 00:00:00.000	1.04	7.14	6.64	8.93	0	0.089285714
1	5	2017-08-07 00:00:00.000	1.03	7.44	6.52	16.76	0	0.167577413
2	1	2017-07-03 00:00:00.000	0.99	6.39	6.08	6.09	0	0.060903733
2	1	2017-07-11 00:00:00.000	1.01	6.39	6	7.82	0	0.078156313
2	1	2017-07-17 00:00:00.000	1.03	6.21	5.75	9.75	0	0.097457627
2	1	2017-08-07 00:00:00.000	1.03	6.43	5.7	15.63	0	0.156316916
2	2	2017-07-03 00:00:00.000	1	6.16	5.84	6.61	0	0.066115702
2	2	2017-07-11 00:00:00.000	0.99	6.17	5.8	7.69	0	0.076923077
2	2	2017-07-17 00:00:00.000	0.99	6.03	5.61	9.09	0	0.090909091
2	2	2017-08-07 00:00:00.000	0.99	6.89	6.3	11.11	0	0.111111111
2	3	2017-07-03 00:00:00.000	1.06	6.1	6.07	5.16	1	0.0516
2	3	2017-07-11 00:00:00.000	1.01	6.54	6.12	8.22	0	0.082191781
2	3	2017-07-17 00:00:00.000	0.9	6.16	5.83	6.69	0	0.06693712
2	3	2017-08-07 00:00:00.000	0.99	6.11	5.54	12.53	0	0.125274725
2	4	2017-07-03 00:00:00.000	1.01	6.2	6.06	2.77	0	0.027722772
2	4	2017-07-11 00:00:00.000	1.03	6.88	6.38	9.35	0	0.093457944
2	4	2017-07-17 00:00:00.000	1.02	6.46	6.1	7.09	0	0.070866142
2	4	2017-08-07 00:00:00.000	1.03	6.41	5.82	12.32	0	0.123173278
2	5	2017-07-03 00:00:00.000	1.01	6.11	5.86	5.15	0	0.051546392
2	5	2017-07-11 00:00:00.000	1.01	6.91	6.5	7.47	0	0.074681239
2	5	2017-07-17 00:00:00.000	1	6.77	6.27	9.49	0	0.09487666
2	5	2017-08-07 00:00:00.000	0.99	6.24	5.42	18.51	0	0.18510158
3	1	2017-07-03 00:00:00.000	0.99	6.01	5.8	4.37	0	0.043659044
3	1	2017-07-11 00:00:00.000	0.99	6.36	6	7.19	0	0.071856287
3	1	2017-07-17 00:00:00.000	1.01	7.36	6.72	11.21	0	0.112084063
3	1	2017-08-07 00:00:00.000	1	7.12	6.58	9.68	0	0.096774194
3	2	2017-07-03 00:00:00.000	1	6.31	6.1	4.12	0	0.041176471
3	2	2017-07-11 00:00:00.000	1	6.65	6.21	8.45	0	0.084452975
3	2	2017-07-17 00:00:00.000	1.01	6.63	6.23	7.66	0	0.076628352
3	2	2017-08-07 00:00:00.000	1.01	7.48	6.77	12.33	0	0.123263889
3	3	2017-07-03 00:00:00.000	1.02	6.3	5.86	9.09	0	0.090909091
3	3	2017-07-11 00:00:00.000	1.01	5.73	5.18	13.19	0	0.131894484
3	3	2017-07-17 00:00:00.000	0.99	6.58	6.21	7.09	0	0.070881226
3	3	2017-08-07 00:00:00.000	0.99	6.19	5.6	12.8	0	0.127982646
3	4	2017-07-03 00:00:00.000	1	6.47	6.25	4.19	0	0.041904762
3	4	2017-07-11 00:00:00.000	1.01	6.92	5.65	27.37	0	0.273706897
3	4	2017-07-17 00:00:00.000	0.99	6.13	5.69	9.36	0	0.093617021
3	4	2017-08-07 00:00:00.000	0.99	7.55	6.81	12.71	0	0.127147766
3	5	2017-07-03 00:00:00.000	1.03	6	5.56	9.71	0	0.097130243
3	5	2017-07-11 00:00:00.000	1.03	6.05	5.09	23.65	0	0.236453202
3	5	2017-07-17 00:00:00.000	1.01	5.73	5.23	11.85	0	0.118483412
3	5	2017-08-07 00:00:00.000	1.01	6.22	5.48	16.55	0	0.165548098
4	1	2017-07-04 00:00:00.000	1.02	6.04	5.71	7.04	0	0.070362473
4	1	2017-07-13 00:00:00.000	1.02	6.23	5.66	12.28	0	0.122844828
4	1	2017-07-19 00:00:00.000	1.03	5.99	5.61	8.3	0	0.082969432
4	1	2017-08-09 00:00:00.000	1.03	6.36	5.64	15.62	0	0.156182213
4	2	2017-07-04 00:00:00.000	1.02	6.24	5.84	8.3	0	0.082987552
4	2	2017-07-13 00:00:00.000	1.01	6.86	6.47	7.14	0	0.071428571
4	2	2017-07-19 00:00:00.000	1	6.71	6.33	7.13	0	0.071294559
4	2	2017-08-09 00:00:00.000	1.01	6.05	5.31	17.21	0	0.172093023
4	3	2017-07-04 00:00:00.000	1.02	6.06	5.8	5.44	0	0.054393305
4	3	2017-07-13 00:00:00.000	1.01	6.08	5.64	9.5	0	0.095032397
4	3	2017-07-19 00:00:00.000	1.01	5.97	5.63	7.36	0	0.073593074
4	3	2017-08-09 00:00:00.000	1.01	6.29	5.57	15.79	0	0.157894737
4	4	2017-07-04 00:00:00.000	1.01	6.3	5.88	8.62	0	0.0862423
4	4	2017-07-13 00:00:00.000	1	6.1	5.55	12.09	0	0.120879121
4	4	2017-07-19 00:00:00.000	1.01	6.58	6.16	8.16	0	0.081553398
4	4	2017-08-09 00:00:00.000	1	6.96	6.15	15.73	0	0.157281553
4	5	2017-07-04 00:00:00.000	1	6.18	5.81	7.69	0	0.076923077
4	5	2017-07-13 00:00:00.000	1	6.53	5.44	24.55	0	0.245495495
4	5	2017-07-19 00:00:00.000	1	5.98	5.57	8.97	0	0.089715536
4	5	2017-08-09 00:00:00.000	0.99	6.52	5.51	22.35	0	0.223451327
5	1	2017-07-04 00:00:00.000	1	6.04	5.77	5.66	0	0.056603774
5	1	2017-07-13 00:00:00.000	1.03	6.43	5.94	9.98	0	0.099796334
5	1	2017-07-19 00:00:00.000	1.02	7.29	6.85	7.55	0	0.075471698
5	1	2017-08-09 00:00:00.000	1.02	7.08	6.2	16.99	0	0.16988417
5	2	2017-07-04 00:00:00.000	1	6.47	6.21	4.99	0	0.049904031
5	2	2017-07-13 00:00:00.000	1.04	6.32	5.93	7.98	0	0.079754601
5	2	2017-07-19 00:00:00.000	1.03	7.78	7.35	6.8	0	0.068037975
5	2	2017-08-09 00:00:00.000	1.03	6.5	5.8	14.68	0	0.146750524
5	3	2017-07-04 00:00:00.000	1	6.1	5.81	6.03	0	0.06029106
5	3	2017-07-13 00:00:00.000	1.01	6.19	5.86	6.8	0	0.068041237
5	3	2017-07-19 00:00:00.000	1	7.09	6.72	6.47	0	0.064685315
5	3	2017-08-09 00:00:00.000	1	7.11	6.15	18.64	0	0.186407767
5	4	2017-07-04 00:00:00.000	1.01	6.09	5.71	8.09	0	0.080851064
5	4	2017-07-13 00:00:00.000	1	6.07	5.7	7.87	0	0.078723404
5	4	2017-07-19 00:00:00.000	0.99	6.24	5.85	8.02	0	0.080246914
5	4	2017-08-09 00:00:00.000	0.99	6.55	5.85	14.4	0	0.144032922
5	5	2017-07-04 00:00:00.000	1	6.3	6.06	4.74	0	0.04743083
5	5	2017-07-13 00:00:00.000	1.01	6.37	5.94	8.72	0	0.087221095
5	5	2017-07-19 00:00:00.000	1.01	6.28	5.86	8.66	0	0.086597938
5	5	2017-08-09 00:00:00.000	1	6.25	5.39	19.59	0	0.195899772
6	1	2017-07-04 00:00:00.000	1	6.43	6.18	4.83	0	0.048262548
6	1	2017-07-13 00:00:00.000	1.01	6.64	5.98	13.28	0	0.132796781
6	1	2017-07-19 00:00:00.000	1.01	6.06	5.65	8.84	0	0.088362069
6	1	2017-08-09 00:00:00.000	1.03	6.35	5.38	22.3	0	0.222988506
6	2	2017-07-04 00:00:00.000	1.01	6.1	5.98	2.41	0	0.024144869
6	2	2017-07-13 00:00:00.000	0.97	6.95	6.54	7.36	0	0.073608618
6	2	2017-07-19 00:00:00.000	0.97	6.41	5.94	9.46	0	0.094567404
6	2	2017-08-09 00:00:00.000	0.95	7.01	6.13	16.99	0	0.16988417
6	3	2017-07-04 00:00:00.000	0.96	6.2	6.04	3.15	0	0.031496063
6	3	2017-07-13 00:00:00.000	1.02	6.55	6.12	8.43	0	0.084313725
6	3	2017-07-19 00:00:00.000	1	6.14	5.78	7.53	0	0.075313808
6	3	2017-08-09 00:00:00.000	1.05	6.49	5.55	20.89	0	0.208888889
6	4	2017-07-04 00:00:00.000	1.02	6.04	5.71	7.04	0	0.070362473
6	4	2017-07-13 00:00:00.000	1.02	6.82	6.34	9.02	0	0.090225564
6	4	2017-07-19 00:00:00.000	1.01	6.48	5.77	14.92	0	0.149159664
6	4	2017-08-09 00:00:00.000	1.01	6.51	5.77	15.55	0	0.155462185
6	5	2017-07-04 00:00:00.000	1.01	6.06	5.63	9.31	0	0.093073593
6	5	2017-07-13 00:00:00.000	0.99	6.3	5.89	8.37	0	0.083673469
6	5	2017-07-19 00:00:00.000	0.99	6.59	5.8	16.42	0	0.164241164
6	5	2017-08-09 00:00:00.000	0.99	6.94	5.92	20.69	0	0.206896552
7	1	2017-07-05 00:00:00.000	1.01	6.22	5.86	7.42	0	0.074226804
7	1	2017-07-12 00:00:00.000	1.02	6.33	5.98	7.06	0	0.070564516
7	1	2017-07-18 00:00:00.000	1	6.34	5.99	7.01	0	0.070140281
7	1	2017-08-08 00:00:00.000	1.03	6.52	5.85	13.9	0	0.139004149
7	2	2017-07-05 00:00:00.000	1.03	6.18	5.9	5.75	0	0.057494867
7	2	2017-07-12 00:00:00.000	0.99	6.48	6.18	5.78	0	0.057803468
7	2	2017-07-18 00:00:00.000	0.99	6.38	6.06	6.31	0	0.063116371
7	2	2017-08-08 00:00:00.000	0.99	6.69	5.93	15.38	0	0.153846154
7	3	2017-07-05 00:00:00.000	1	6.12	5.88	4.92	0	0.049180328
7	3	2017-07-12 00:00:00.000	1.02	6.44	6.13	6.07	0	0.060665362
7	3	2017-07-18 00:00:00.000	1.02	6.3	6.02	5.6	0	0.056
7	3	2017-08-08 00:00:00.000	1.02	7.01	6.09	18.15	0	0.181459566
7	4	2017-07-05 00:00:00.000	1	6.46	6.16	5.81	0	0.058139535
7	4	2017-07-12 00:00:00.000	1.03	6.29	5.72	12.15	0	0.121535181
7	4	2017-07-18 00:00:00.000	1	6.3	6.07	4.54	0	0.045364892
7	4	2017-08-08 00:00:00.000	1.02	7.08	6.27	15.43	0	0.154285714
7	5	2017-07-05 00:00:00.000	1.02	6.05	5.79	5.45	0	0.054507338
7	5	2017-07-12 00:00:00.000	1.02	6.41	5.65	16.41	0	0.164146868
7	5	2017-07-18 00:00:00.000	1.01	6.29	6	5.81	0	0.058116232
7	5	2017-08-08 00:00:00.000	1.01	7.15	6.25	17.18	0	0.171755725
8	1	2017-07-05 00:00:00.000	1.02	6.29	5.99	6.04	0	0.060362173
8	1	2017-07-12 00:00:00.000	1.02	6.15	5.7	9.62	0	0.096153846
8	1	2017-07-18 00:00:00.000	1.03	6.38	5.89	10.08	0	0.100823045
8	1	2017-08-08 00:00:00.000	1.04	6.93	6.14	15.49	0	0.154901961
8	2	2017-07-05 00:00:00.000	1.01	6.07	5.85	4.55	0	0.045454545
8	2	2017-07-12 00:00:00.000	1.02	6.19	5.65	11.66	0	0.11663067
8	2	2017-07-18 00:00:00.000	1.01	6.44	6.13	6.05	0	0.060546875
8	2	2017-08-08 00:00:00.000	1	6.67	5.83	17.39	0	0.173913043
8	3	2017-07-05 00:00:00.000	0.99	6.07	5.72	7.4	0	0.073995772
8	3	2017-07-12 00:00:00.000	1	6.16	5.82	7.05	0	0.070539419
8	3	2017-07-18 00:00:00.000	0.99	6.22	5.82	8.28	0	0.082815735
8	3	2017-08-08 00:00:00.000	1.01	6.6	5.83	15.98	0	0.159751037
8	4	2017-07-05 00:00:00.000	1	6	6.51	5.99	1	0.0599
8	4	2017-07-12 00:00:00.000	1	6.29	5.89	8.18	0	0.081799591
8	4	2017-07-18 00:00:00.000	1.01	6.19	5.67	11.16	0	0.111587983
8	4	2017-08-08 00:00:00.000	1.01	6.6	5.33	29.4	0	0.293981481
8	5	2017-07-05 00:00:00.000	1	6.87	5.65	5.99	1	0.0599
8	5	2017-07-12 00:00:00.000	1.02	6.44	5.67	16.56	0	0.165591398
8	5	2017-07-18 00:00:00.000	1.02	6.3	5.93	7.54	0	0.075356415
8	5	2017-08-08 00:00:00.000	1.02	6.12	5.15	23.49	0	0.234866828
9	1	2017-07-05 00:00:00.000	1.03	6.48	6.16	6.24	0	0.062378168
9	1	2017-07-12 00:00:00.000	1	6.34	5.85	10.1	0	0.101030928
9	1	2017-07-18 00:00:00.000	1.02	6.42	5.99	8.65	0	0.086519115
9	1	2017-08-08 00:00:00.000	1.01	6.59	5.82	16.01	0	0.16008316
9	2	2017-07-05 00:00:00.000	1.02	6.17	5.92	5.1	0	0.051020408
9	2	2017-07-12 00:00:00.000	0.97	6.39	5.98	8.18	0	0.081836327
9	2	2017-07-18 00:00:00.000	1.01	6.3	5.98	6.44	0	0.064386318
9	2	2017-08-08 00:00:00.000	1.02	6.46	5.8	13.81	0	0.138075314
9	3	2017-07-05 00:00:00.000	1	6.15	5.9	5.1	0	0.051020408
9	3	2017-07-12 00:00:00.000	0.98	6.17	5.68	10.43	0	0.104255319
9	3	2017-07-18 00:00:00.000	1.01	6.41	6.05	7.14	0	0.071428571
9	3	2017-08-08 00:00:00.000	1	6.32	5.65	14.41	0	0.144086022
9	4	2017-07-05 00:00:00.000	1.01	6.45	6.15	5.84	0	0.058365759
9	4	2017-07-12 00:00:00.000	1.02	6.26	5.67	12.69	0	0.12688172
9	4	2017-07-18 00:00:00.000	1	7.72	7.19	8.56	0	0.085621971
9	4	2017-08-08 00:00:00.000	1	7.35	6.55	14.41	0	0.144144144
9	5	2017-07-05 00:00:00.000	1	5.95	5.17	18.71	0	0.18705036
9	5	2017-07-12 00:00:00.000	1.02	6.18	5.22	22.86	0	0.228571429
9	5	2017-07-18 00:00:00.000	1.03	6.14	5.76	8.03	0	0.080338266
9	5	2017-08-08 00:00:00.000	1.02	7.29	6.42	16.11	0	0.161111111
10	1	2017-07-05 00:00:00.000	1	6.15	5.9	5.1	0	0.051020408
10	1	2017-07-14 00:00:00.000	1.01	6.37	6.02	6.99	0	0.069860279
10	1	2017-07-20 00:00:00.000	1	6.25	5.91	6.92	0	0.069246436
10	1	2017-08-10 00:00:00.000	1	7.28	6.14	22.18	0	0.221789883
10	2	2017-07-05 00:00:00.000	1	6.15	5.79	7.52	0	0.075156576
10	2	2017-07-14 00:00:00.000	1.01	6.18	5.85	6.82	0	0.068181818
10	2	2017-07-20 00:00:00.000	1.01	6.2	5.72	10.19	0	0.101910828
10	2	2017-08-10 00:00:00.000	1.01	6.04	5.13	22.09	0	0.220873786
10	3	2017-07-05 00:00:00.000	1	6.06	5.8	5.42	0	0.054166667
10	3	2017-07-14 00:00:00.000	1.02	6.91	6.48	7.88	0	0.078754579
10	3	2017-07-20 00:00:00.000	1.01	6.39	6	7.82	0	0.078156313
10	3	2017-08-10 00:00:00.000	1.01	7.16	6.06	21.78	0	0.217821782
10	4	2017-07-05 00:00:00.000	1.01	6.13	5.86	5.57	0	0.055670103
10	4	2017-07-14 00:00:00.000	1.03	6.5	6.11	7.68	0	0.076771654
10	4	2017-07-20 00:00:00.000	1	6.24	5.7	11.49	0	0.114893617
10	4	2017-08-10 00:00:00.000	1.02	6.51	5.61	19.61	0	0.196078431
10	5	2017-07-05 00:00:00.000	1	6.13	5.83	6.21	0	0.062111801
10	5	2017-07-14 00:00:00.000	0.99	5.95	5.45	11.21	0	0.112107623
10	5	2017-07-20 00:00:00.000	1.03	6.17	5.71	9.83	0	0.098290598
10	5	2017-08-10 00:00:00.000	1	6.47	5.4	24.32	0	0.243181818
11	1	2017-07-05 00:00:00.000	1.02	6.02	5.75	5.71	0	0.057082452
11	1	2017-07-14 00:00:00.000	1	6.35	5.97	7.65	0	0.076458753
11	1	2017-07-20 00:00:00.000	1	6.47	6.05	8.32	0	0.083168317
11	1	2017-08-10 00:00:00.000	1	6.36	5.52	18.58	0	0.185840708
11	2	2017-07-05 00:00:00.000	1.02	6.47	6.2	5.21	0	0.052123552
11	2	2017-07-14 00:00:00.000	1	6.33	6.03	5.96	0	0.059642147
11	2	2017-07-20 00:00:00.000	1.01	6.22	5.87	7.2	0	0.072016461
11	2	2017-08-10 00:00:00.000	1.06	6.39	5.73	14.13	0	0.141327623
11	3	2017-07-05 00:00:00.000	1	6.28	5.99	5.81	0	0.058116232
11	3	2017-07-14 00:00:00.000	1	6.98	6.63	6.22	0	0.062166963
11	3	2017-07-20 00:00:00.000	1.01	6.23	5.74	10.36	0	0.10359408
11	3	2017-08-10 00:00:00.000	1.06	6.06	5.33	17.1	0	0.170960187
11	4	2017-07-05 00:00:00.000	1	6.29	5.96	6.65	0	0.066532258
11	4	2017-07-14 00:00:00.000	1.01	6.19	5.88	6.37	0	0.063655031
11	4	2017-07-20 00:00:00.000	1.02	6.36	5.9	9.43	0	0.094262295
11	4	2017-08-10 00:00:00.000	1.02	6.97	5.88	22.43	0	0.224279835
11	5	2017-07-05 00:00:00.000	0.99	6.42	6.12	5.85	0	0.058479532
11	5	2017-07-14 00:00:00.000	1	6.59	6.11	9.39	0	0.093933464
11	5	2017-07-20 00:00:00.000	1	6.27	5.8	9.79	0	0.097916667
11	5	2017-08-10 00:00:00.000	1.05	6.16	5.31	19.95	0	0.199530516
12	1	2017-07-05 00:00:00.000	1.02	6.26	6	5.22	0	0.052208835
12	1	2017-07-14 00:00:00.000	0.99	6.27	5.98	5.81	0	0.058116232
12	1	2017-07-20 00:00:00.000	0.99	6.16	5.71	9.53	0	0.095338983
12	1	2017-08-10 00:00:00.000	0.99	6.65	5.77	18.41	0	0.184100418
12	2	2017-07-05 00:00:00.000	0.99	6.17	5.82	7.25	0	0.072463768
12	2	2017-07-14 00:00:00.000	1	6.96	6.7	4.56	0	0.045614035
12	2	2017-07-20 00:00:00.000	1.03	6.38	5.92	9.41	0	0.09406953
12	2	2017-08-10 00:00:00.000	1.02	6.61	5.71	19.19	0	0.191897655
12	3	2017-07-05 00:00:00.000	1.02	6.58	6.22	6.92	0	0.069230769
12	3	2017-07-14 00:00:00.000	0.98	6.68	6.25	8.16	0	0.081593928
12	3	2017-07-20 00:00:00.000	1.02	6.28	5.8	10.04	0	0.10041841
12	3	2017-08-10 00:00:00.000	1	6.42	5.73	14.59	0	0.145877378
12	4	2017-07-05 00:00:00.000	1	6.04	5.72	6.78	0	0.06779661
12	4	2017-07-14 00:00:00.000	1.03	6.89	6.48	7.52	0	0.075229358
12	4	2017-07-20 00:00:00.000	1.02	6.21	5.78	9.03	0	0.090336134
12	4	2017-08-10 00:00:00.000	1.02	6.79	5.87	18.97	0	0.189690722
12	5	2017-07-05 00:00:00.000	1.01	6.08	5.8	5.85	0	0.058455115
12	5	2017-07-14 00:00:00.000	1.01	6.21	5.85	7.44	0	0.074380165
12	5	2017-07-20 00:00:00.000	1.02	6.34	5.81	11.06	0	0.110647182
12	5	2017-08-10 00:00:00.000	1.01	6.33	5.47	19.28	0	0.192825112
