Plot	SampDate	Sample	calc_bd
1	Aug  7 2017 12:00AM	1	1.36982017200938
1	Aug  7 2017 12:00AM	2	1.26254224070704
1	Aug  7 2017 12:00AM	3	1.17270341207349
1	Aug  7 2017 12:00AM	4	1.18365758754864
1	Aug  7 2017 12:00AM	5	1.31887821345105
1	Jul  3 2017 12:00AM	1	1.1763178395222
1	Jul  3 2017 12:00AM	2	0.983678756476684
1	Jul  3 2017 12:00AM	3	1.23955359460161
1	Jul  3 2017 12:00AM	4	1.18448365334717
1	Jul  3 2017 12:00AM	5	1.1242542153048
2	Aug  7 2017 12:00AM	1	1.07531055900621
2	Aug  7 2017 12:00AM	2	1.33169087136929
2	Aug  7 2017 12:00AM	3	1.30819077242094
2	Aug  7 2017 12:00AM	4	1.18801867219917
2	Aug  7 2017 12:00AM	5	1.18952553798289
2	Jul  3 2017 12:00AM	1	1.28496732026144
2	Jul  3 2017 12:00AM	2	1.22633212622866
2	Jul  3 2017 12:00AM	3	1.22647362978283
2	Jul  3 2017 12:00AM	4	1.0700620475698
2	Jul  3 2017 12:00AM	5	1.21611053180396
3	Aug  7 2017 12:00AM	1	1.18601617531959
3	Aug  7 2017 12:00AM	2	1.26485922836288
3	Aug  7 2017 12:00AM	3	1.02304505437597
3	Aug  7 2017 12:00AM	4	1.1661905998442
3	Aug  7 2017 12:00AM	5	1.09067290205248
3	Jul  3 2017 12:00AM	1	0.963499870566917
3	Jul  3 2017 12:00AM	2	0.84977984977985
3	Jul  3 2017 12:00AM	3	1.33385294881787
3	Jul  3 2017 12:00AM	4	1.27751817237799
3	Jul  3 2017 12:00AM	5	1.22412451361868
4	Aug  9 2017 12:00AM	1	1.18991331757289
4	Aug  9 2017 12:00AM	2	1.03751617076326
4	Aug  9 2017 12:00AM	3	1.21018276762402
4	Aug  9 2017 12:00AM	4	1.30355751752791
4	Aug  9 2017 12:00AM	5	1.22511047569535
4	Jul  4 2017 12:00AM	1	1.03342834931329
4	Jul  4 2017 12:00AM	2	1.16779045643154
4	Jul  4 2017 12:00AM	3	1.13929313929314
4	Jul  4 2017 12:00AM	4	1.15458311755567
4	Jul  4 2017 12:00AM	5	1.14884804556045
5	Aug  9 2017 12:00AM	1	1.27197087883515
5	Aug  9 2017 12:00AM	2	1.14111226611227
5	Aug  9 2017 12:00AM	3	1.19302325581395
5	Aug  9 2017 12:00AM	4	1.21990075737791
5	Aug  9 2017 12:00AM	5	0.985769728331177
5	Jul  4 2017 12:00AM	1	1.1117723156533
5	Jul  4 2017 12:00AM	2	1.26325411334552
5	Jul  4 2017 12:00AM	3	1.24392764857881
5	Jul  4 2017 12:00AM	4	1.18373180873181
5	Jul  4 2017 12:00AM	5	0.995839833593344
6	Aug  9 2017 12:00AM	1	1.01786176546725
6	Aug  9 2017 12:00AM	2	1.12221646815122
6	Aug  9 2017 12:00AM	3	1.0231288981289
6	Aug  9 2017 12:00AM	4	1.18464730290456
6	Aug  9 2017 12:00AM	5	1.12490282456595
6	Jul  4 2017 12:00AM	1	1.05796724720561
6	Jul  4 2017 12:00AM	2	1.21630745260971
6	Jul  4 2017 12:00AM	3	1.10913838120104
6	Jul  4 2017 12:00AM	4	1.11642949547219
6	Jul  4 2017 12:00AM	5	0.785395324402417
7	Aug  8 2017 12:00AM	1	1.23216601815824
7	Aug  8 2017 12:00AM	2	1.04620976116303
7	Aug  8 2017 12:00AM	3	1.1605611847233
7	Aug  8 2017 12:00AM	4	1.11396011396011
7	Aug  8 2017 12:00AM	5	1.21667098110277
7	Jul  5 2017 12:00AM	1	1.20161080800208
7	Jul  5 2017 12:00AM	2	1.20462217605817
7	Jul  5 2017 12:00AM	3	1.14034179181771
7	Jul  5 2017 12:00AM	4	0.666058394160584
7	Jul  5 2017 12:00AM	5	1.22097573702061
8	Aug  8 2017 12:00AM	1	1.19551616266945
8	Aug  8 2017 12:00AM	2	1.09074457083764
8	Aug  8 2017 12:00AM	3	1.07833505687694
8	Aug  8 2017 12:00AM	4	1.10139679255044
8	Aug  8 2017 12:00AM	5	1.08130718954248
8	Jul  5 2017 12:00AM	1	1.14337568058076
8	Jul  5 2017 12:00AM	2	1.12759336099585
8	Jul  5 2017 12:00AM	3	0.944790046656298
8	Jul  5 2017 12:00AM	4	0.990923236514523
8	Jul  5 2017 12:00AM	5	1.0861801242236
9	Aug  8 2017 12:00AM	1	0.945006485084306
9	Aug  8 2017 12:00AM	2	1.19797612869746
9	Aug  8 2017 12:00AM	3	1.21411886841422
9	Aug  8 2017 12:00AM	4	1.20518134715026
9	Aug  8 2017 12:00AM	5	1.22202025447936
9	Jul  5 2017 12:00AM	1	0.847312386393144
9	Jul  5 2017 12:00AM	2	0.798184176394293
9	Jul  5 2017 12:00AM	3	0.87244094488189
9	Jul  5 2017 12:00AM	4	1.09617884065506
9	Jul  5 2017 12:00AM	5	1.05342715663279
10	Aug 10 2017 12:00AM	1	1.16947832857514
10	Aug 10 2017 12:00AM	2	1.2978391043999
10	Aug 10 2017 12:00AM	3	1.25504919730709
10	Aug 10 2017 12:00AM	4	1.24604204515962
10	Aug 10 2017 12:00AM	5	1.1871921182266
10	Jul  5 2017 12:00AM	1	1.03815208928108
10	Jul  5 2017 12:00AM	2	0.98575867426204
10	Jul  5 2017 12:00AM	3	0.863837542306691
10	Jul  5 2017 12:00AM	4	1.05154105154105
10	Jul  5 2017 12:00AM	5	0.998963193364437
11	Aug 10 2017 12:00AM	1	1.10703205791107
11	Aug 10 2017 12:00AM	2	1.32847854356307
11	Aug 10 2017 12:00AM	3	1.23685594111462
11	Aug 10 2017 12:00AM	4	1.25435630689207
11	Aug 10 2017 12:00AM	5	1.29052304505438
11	Jul  5 2017 12:00AM	1	1.10476935105551
11	Jul  5 2017 12:00AM	2	1.10835272821308
11	Jul  5 2017 12:00AM	3	1.24428274428274
11	Jul  5 2017 12:00AM	4	1.09347488348006
11	Jul  5 2017 12:00AM	5	0.989076723016905
12	Aug 10 2017 12:00AM	1	1.28924116424116
12	Aug 10 2017 12:00AM	2	1.27721748125162
12	Aug 10 2017 12:00AM	3	1.21683606984623
12	Aug 10 2017 12:00AM	4	1.23431829963712
12	Aug 10 2017 12:00AM	5	1.28723128723129
12	Jul  5 2017 12:00AM	1	1.03259726603575
12	Jul  5 2017 12:00AM	2	1.01170351105332
12	Jul  5 2017 12:00AM	3	1.12952430196484
12	Jul  5 2017 12:00AM	4	1.13067150635209
12	Jul  5 2017 12:00AM	5	1.02076304178562
